25713.1
24408.4
21118.5
32412.7
44319.3
43376
33219.8
46593.3
35154.4
20603.4
73312.7
46690.7
43377.8
46590.2
41860.3
46599.7
64819.4
49647.4
25204.5
63116.3
70024.1
43710.3
88932.5
26602.7
33072.1
84557.3
62036
42685.9
114530
92435
97177.7
85557.9
45507.6
98336.6
93156.1
93937.9
93444.7
144836
68725.2
86238.8
55059.3
69040.6
108822
63560.7
121598
133556
73948.6
69891.3
87182
141024
126800
64629.1
114293
99547.6
118448
153309
118448
104745
109875
166369
114875
133157
174880
136016
151769
179548
121914
150272
134397
136515
95070.1
132373
178800
124822
142003
212506
151614
107127
81252.2
81474
171720
225442
137968
219205
144204
149096
179617
176733
172139
180783
239987
162125
221501
166446
180668
184803
194411
128000
258470
268375
168739
214995
135682
144656
178151
225694
217922
232483
178441
226970
290295
226393
287654
167825
138911
200205
265987
180860
139129
258376
190720
215891
254860
194078
309553
238123
192384
207320
256471
224942
201892
299631
166752
276698
224364
248746
310983
247491
270143
243078
324240
291674
263026
270862
314491
333911
234349
340865
216556
305953
326458
274034
315601
322698
241535
323681
379392
233151
298878
277640
236898
368214
259439
318487
208999
324924
272355
279115
256853
387263
371071
352642
288528
306850
293695
356371
296934
335971
341666
391115
318406
363697
359971
354696
371234
397235
257870
287804
412529
277797
424134
359433
419826
397965
362648
442286
403666
364831
408183
399586
316756
344839
436358
403065
335712
469756
428182
404126
383051
448020
397658
449126
387351
305036
435984
512915
474372
472921
323455
392667
471886
299915
463691
352334
349154
434291
448811
520093
410981
444883
418917
379169
379375
419185
417063
437010
437613
484352
432807
474380
493242
381443
474516
364505
425550
456662
566513
556704
395241
556704
339258
512314
565959
494530
412795
513539
526818
407473
466855
387909
479584
367240
486315
499264
507855
517119
500568
485096
503360
611508
552715
550526
442778
602835
415960
431681
551070
431870
447690
538138
447750
572678
589554
457438
437708
473223
574169
425720
529171
534347
659079
491031
478533
595982
605750
582029
633134
459945
549154
653336
528124
562028
533973
536875
651623
545178
625766
582953
458485
568283
686131
571552
585256
577465
708435
572629
572354
646426
567828
516828
626209
512397
577515
650306
685028
638388
594472
494729
599080
756288
541255
566238
476081
720093
618537
617921
690427
634461
683911
619540
601078
501389
596913
555984
637322
640381
653746
767642
693218
592461
539889
803993
547251
682390
671034
679637
563565
603941
517296
726887
636307
644149
642837
679805
588034
811815
672106
711836
728445
673720
610804
561237
736200
653532
679945
651183
727757
844532
639497
701994
708778
723940
715946
775144
725189
659011
856375
774564
631157
630675
687589
729858
747821
755258
893889
856518
651531
678089
684712
778804
774804
586668
773719
741718
732777
683583
939861
794576
805978
740419
761092
815167
819529
983489
802568
761553
670237
823567
839231
869437
718402
693209
882577
723887
854296
631791
1.02753e+06
882612
717795
715092
764537
882503
862907
730597
845364
776457
853298
782372
701906
887367
930731
776913
810369
676210
903374
1.06096e+06
828478
761026
796376
797238
924626
888217
791682
930985
761402
848505
708764
1.10232e+06
837963
886080
799320
761510
759402
965255
822010
926902
839938
971031
936629
829865
833586
878077
834200
857039
863420
973679
893072
838470
1.14634e+06
969301
795026
980825
853195
791711
900400
895050
862618
1.01751e+06
919789
1.00602e+06
930021
743883
802885
1.01223e+06
819087
996938
923797
747345
1.05061e+06
897272
884387
948182
913587
918880
914625
1.00753e+06
936058
775319
1.0269e+06
1.19029e+06
1.04279e+06
831068
844903
880760
952406
993925
1.05042e+06
836145
1.02754e+06
1.05886e+06
963631
1.05864e+06
973538
1.0702e+06
867027
946146
1.22864e+06
864857
950106
795217
1.03674e+06
977573
924013
982869
969027
817602
1.05839e+06
880951
896841
1.08356e+06
1.01345e+06
1.06669e+06
826231
924453
1.09172e+06
999043
1.06603e+06
1.1064e+06
1.27519e+06
1.01512e+06
927171
989444
1.1167e+06
970082
931176
1.07996e+06
1.12352e+06
1.04485e+06
1.06291e+06
1.01832e+06
970603
1.32325e+06
1.13802e+06
1.1444e+06
891548
1.05913e+06
1.10965e+06
994437
846437
1.12182e+06
1.02709e+06
1.16769e+06
1.02717e+06
1.06799e+06
1.14609e+06
952696
1.10127e+06
1.0017e+06
974152
1.12975e+06
1.1168e+06
1.10949e+06
1.35132e+06
857616
1.03767e+06
857631
999277
1.19251e+06
941789
1.00108e+06
1.06336e+06
891532
1.18243e+06
1.2107e+06
1.077e+06
1.08332e+06
1.01147e+06
1.08886e+06
1.10561e+06
1.06317e+06
963409
1.40013e+06
1.06377e+06
859456
1.21984e+06
1.18745e+06
1.04672e+06
936560
1.40033e+06
1.20527e+06
1.25699e+06
1.21464e+06
1.15022e+06
1.08884e+06
1.13106e+06
990592
1.15054e+06
1.30242e+06
1.201e+06
1.13748e+06
1.26197e+06
1.01194e+06
1.19777e+06
1.17627e+06
882443
963125
1.18779e+06
1.10445e+06
1.16897e+06
1.05079e+06
1.30075e+06
1.06934e+06
1.34229e+06
1.09396e+06
1.04706e+06
975353
1.14944e+06
1.24475e+06
1.11833e+06
1.02759e+06
1.13191e+06
1.00122e+06
1.24028e+06
1.14694e+06
1.4338e+06
1.24477e+06
1.02409e+06
1.12746e+06
1.37491e+06
1.37502e+06
1.09303e+06
1.2206e+06
1.19599e+06
1.07648e+06
1.29102e+06
928241
1.24184e+06
1.21433e+06
1.19165e+06
1.21476e+06
1.16979e+06
1.41559e+06
1.21584e+06
1.34826e+06
1.4551e+06
1.22175e+06
1.36104e+06
1.26342e+06
1.06993e+06
1.11454e+06
1.12334e+06
1.28595e+06
974341
1.45463e+06
1.39402e+06
1.33706e+06
1.17179e+06
1.136e+06
1.31274e+06
1.14022e+06
1.08037e+06
1.14675e+06
1.11614e+06
1.36157e+06
1.25374e+06
1.16814e+06
1.25748e+06
1.27697e+06
1.19145e+06
1.49463e+06
1.36029e+06
1.20867e+06
1.02033e+06
1.15992e+06
1.17738e+06
1.48523e+06
1.33336e+06
1.40321e+06
1.30425e+06
1.27807e+06
1.32042e+06
1.26487e+06
1.37421e+06
1.53154e+06
1.18068e+06
1.5321e+06
1.12927e+06
1.17978e+06
1.21436e+06
1.18751e+06
1.3285e+06
1.31702e+06
1.45471e+06
1.42032e+06
1.13781e+06
1.20135e+06
1.37795e+06
1.19145e+06
1.28705e+06
1.53246e+06
1.36399e+06
1.22347e+06
1.39737e+06
1.30938e+06
1.05166e+06
1.58016e+06
1.18454e+06
1.41909e+06
1.40229e+06
1.42845e+06
1.4427e+06
1.24547e+06
1.33793e+06
1.36673e+06
1.37733e+06
1.09442e+06
1.25006e+06
1.37324e+06
1.55074e+06
1.23575e+06
1.48879e+06
1.17125e+06
1.48884e+06
1.29296e+06
1.24553e+06
1.32502e+06
1.62714e+06
1.2506e+06
1.11332e+06
1.27608e+06
1.49468e+06
1.21958e+06
1.46961e+06
1.36226e+06
1.21977e+06
1.44856e+06
1.36895e+06
1.2954e+06
1.44054e+06
1.58875e+06
1.67242e+06
1.28404e+06
1.42112e+06
1.3754e+06
1.25748e+06
1.3984e+06
1.27845e+06
1.27227e+06
1.31815e+06
1.51874e+06
1.63624e+06
1.46536e+06
1.33182e+06
1.16691e+06
1.7068e+06
1.48957e+06
1.32164e+06
1.52705e+06
1.33673e+06
1.66916e+06
1.50984e+06
1.52828e+06
1.41893e+06
1.52904e+06
1.40766e+06
1.46268e+06
1.47606e+06
1.30796e+06
1.32312e+06
1.70554e+06
1.36593e+06
1.26291e+06
1.57101e+06
1.42901e+06
1.75213e+06
1.21441e+06
1.36865e+06
1.51283e+06
1.34407e+06
1.54837e+06
1.51852e+06
1.72223e+06
1.2937e+06
1.45322e+06
1.55675e+06
1.37143e+06
1.45326e+06
1.76565e+06
1.47488e+06
1.21454e+06
1.36922e+06
1.34864e+06
1.42968e+06
1.61564e+06
1.57205e+06
1.59293e+06
1.37752e+06
1.49652e+06
1.38909e+06
1.4397e+06
1.40849e+06
1.55885e+06
1.58287e+06
1.61737e+06
1.32151e+06
1.2401e+06
1.75762e+06
1.4283e+06
1.53729e+06
1.62736e+06
1.55638e+06
1.42007e+06
1.61528e+06
1.3574e+06
1.79968e+06
1.59164e+06
1.40279e+06
1.67268e+06
1.48517e+06
1.5099e+06
1.4723e+06
1.61127e+06
1.47808e+06
1.60352e+06
1.41344e+06
1.41165e+06
1.47281e+06
1.56676e+06
1.82425e+06
1.62439e+06
1.44259e+06
1.79629e+06
1.3891e+06
1.46025e+06
1.65666e+06
1.65154e+06
1.86749e+06
1.60571e+06
1.55702e+06
1.65727e+06
1.65176e+06
1.67487e+06
1.52149e+06
1.44809e+06
1.45813e+06
1.68348e+06
1.52348e+06
1.64703e+06
1.69298e+06
1.58912e+06
1.87333e+06
1.4482e+06
1.52867e+06
1.28072e+06
1.62959e+06
1.43255e+06
1.49086e+06
1.49289e+06
1.70782e+06
1.62361e+06
1.44907e+06
1.49331e+06
1.55261e+06
1.70043e+06
1.72406e+06
1.5689e+06
1.55264e+06
1.50794e+06
1.83723e+06
1.75505e+06
1.52878e+06
1.5952e+06
1.52386e+06
1.76107e+06
1.49534e+06
1.71583e+06
1.66737e+06
1.92721e+06
1.52321e+06
1.4683e+06
1.64183e+06
1.31851e+06
1.68424e+06
1.87039e+06
1.79841e+06
1.59905e+06
1.74156e+06
1.77003e+06
1.54824e+06
1.76516e+06
1.62469e+06
1.66418e+06
1.63908e+06
1.9738e+06
1.51296e+06
1.57262e+06
1.71103e+06
1.91398e+06
1.56834e+06
1.36313e+06
1.80872e+06
1.98078e+06
1.53011e+06
1.79156e+06
1.71857e+06
1.7286e+06
1.66565e+06
1.57066e+06
1.61837e+06
1.70369e+06
1.82963e+06
1.8105e+06
1.57533e+06
1.57274e+06
1.96341e+06
2.02158e+06
1.77575e+06
1.60785e+06
1.66986e+06
1.71132e+06
1.77001e+06
1.55543e+06
1.64829e+06
1.83878e+06
1.85923e+06
1.75445e+06
1.40965e+06
1.58649e+06
1.73956e+06
1.61988e+06
1.88683e+06
1.41858e+06
1.60429e+06
1.78556e+06
1.81312e+06
1.86623e+06
1.83678e+06
1.78525e+06
1.86406e+06
1.86377e+06
1.99104e+06
1.45596e+06
1.80993e+06
1.6339e+06
1.4665e+06
1.61137e+06
1.83028e+06
1.6157e+06
1.70486e+06
1.89604e+06
1.9062e+06
1.91129e+06
1.65813e+06
1.48758e+06
1.8104e+06
1.51537e+06
1.81489e+06
1.84981e+06
2.00653e+06
1.87037e+06
1.64553e+06
1.7494e+06
1.87992e+06
1.94995e+06
1.56356e+06
1.76334e+06
1.9298e+06
1.85421e+06
1.86044e+06
1.92891e+06
2.0498e+06
1.90106e+06
1.67362e+06
2.09241e+06
1.94906e+06
1.97004e+06
1.97761e+06
2.13863e+06
2.01809e+06
2.18444e+06
