359.04,833.19,-685.78
357.44,831.79,-688.44
355.85,830.31,-691.05
354.25,828.75,-693.61
352.65,827.11,-696.13
351.05,825.41,-698.59
349.44,823.63,-701
347.82,821.79,-703.36
346.19,819.89,-705.66
344.54,817.93,-707.9
342.88,815.91,-710.07
341.2,813.84,-712.18
339.51,811.71,-714.22
337.8,809.53,-716.2
336.08,807.3,-718.1
334.35,805.03,-719.94
332.6,802.71,-721.71
330.85,800.35,-723.42
329.08,797.95,-725.05
327.28,795.51,-726.58
325.45,793.03,-728.02
323.59,790.51,-729.36
321.7,787.96,-730.57
319.78,785.38,-731.68
317.83,782.78,-732.66
315.85,780.15,-733.52
313.84,777.51,-734.23
311.78,774.86,-734.79
309.68,772.21,-735.19
307.55,769.58,-735.41
305.37,766.97,-735.44
303.14,764.41,-735.24
300.86,761.93,-734.78
298.54,759.56,-734.05
296.22,757.26,-733.12
293.9,755.04,-731.99
291.6,752.89,-730.71
289.33,750.8,-729.28
287.09,748.79,-727.71
284.89,746.82,-726.02
282.73,744.9,-724.23
280.61,743.03,-722.33
278.54,741.2,-720.34
276.52,739.43,-718.27
274.55,737.7,-716.1
272.61,736.02,-713.87
270.73,734.37,-711.58
268.87,732.75,-709.23
267.06,731.16,-706.83
265.3,729.58,-704.38
263.6,728.02,-701.89
261.95,726.46,-699.36
260.36,724.9,-696.79
258.83,723.34,-694.19
257.35,721.77,-691.56
255.94,720.2,-688.89
254.59,718.6,-686.21
253.32,716.96,-683.52
252.12,715.28,-680.82
251.01,713.52,-678.13
250,711.69,-675.45
249.11,709.74,-672.81
248.37,707.63,-670.25
247.77,705.4,-667.76
247.26,703.1,-665.3
246.83,700.75,-662.88
246.46,698.37,-660.49
246.15,695.95,-658.11
245.88,693.53,-655.75
245.63,691.1,-653.38
245.39,688.68,-651.01
245.17,686.26,-648.63
244.95,683.84,-646.24
244.73,681.44,-643.85
244.51,679.05,-641.44
244.27,676.68,-639.01
244.02,674.34,-636.56
243.75,672.03,-634.08
243.43,669.76,-631.57
243.06,667.54,-629.02
242.63,665.36,-626.45
242.13,663.24,-623.84
241.55,661.19,-621.19
240.89,659.19,-618.52
240.15,657.27,-615.82
239.29,655.44,-613.08
238.31,653.72,-610.32
237.19,652.12,-607.53
235.91,650.68,-604.73
234.46,649.42,-601.93
232.78,648.42,-599.15
230.88,647.71,-596.43
228.81,647.24,-593.77
226.61,646.97,-591.19
224.31,646.88,-588.69
221.94,646.93,-586.26
219.49,647.13,-583.91
216.99,647.45,-581.63
214.44,647.86,-579.41
211.85,648.37,-577.27
209.23,648.97,-575.19
206.57,649.66,-573.18
203.89,650.42,-571.24
201.18,651.24,-569.35
198.46,652.1,-567.5
195.72,653,-565.7
192.97,653.94,-563.94
190.2,654.91,-562.22
187.42,655.9,-560.54
184.62,656.92,-558.9
181.8,657.96,-557.3
178.97,659.02,-555.74
176.13,660.1,-554.22
173.27,661.17,-552.73
170.4,662.24,-551.25
167.52,663.29,-549.79
164.62,664.32,-548.34
161.71,665.3,-546.89
158.78,666.22,-545.42
155.84,667.04,-543.91
152.89,667.79,-542.41
149.92,668.49,-540.91
146.94,669.15,-539.42
143.94,669.77,-537.94
140.92,670.36,-536.49
137.88,670.91,-535.07
134.83,671.44,-533.67
131.75,671.94,-532.3
128.67,672.41,-530.95
125.56,672.86,-529.64
122.44,673.31,-528.37
119.31,673.74,-527.12
116.16,674.15,-525.92
112.99,674.52,-524.75
109.8,674.86,-523.62
106.59,675.16,-522.52
103.37,675.41,-521.46
100.14,675.61,-520.44
96.881,675.76,-519.47
93.61,675.85,-518.54
90.323,675.87,-517.68
87.019,675.79,-516.88
83.705,675.64,-516.13
80.386,675.44,-515.42
77.062,675.19,-514.75
73.736,674.91,-514.11
70.407,674.6,-513.49
67.076,674.26,-512.9
63.744,673.9,-512.33
60.411,673.52,-511.77
57.076,673.12,-511.24
53.742,672.72,-510.72
50.406,672.3,-510.21
47.071,671.86,-509.71
43.735,671.42,-509.22
40.399,670.98,-508.74
37.064,670.53,-508.25
33.729,670.08,-507.76
30.395,669.63,-507.27
27.061,669.19,-506.77
23.727,668.75,-506.27
20.391,668.32,-505.77
17.053,667.91,-505.28
13.714,667.51,-504.78
10.374,667.12,-504.28
7.0317,666.75,-503.77
3.6883,666.39,-503.27
0.34243,666.06,-502.76
-3.0063,665.77,-502.25
-6.3576,665.5,-501.75
-9.7121,665.27,-501.24
-13.07,665.09,-500.74
-16.432,664.96,-500.25
-19.799,664.9,-499.78
-23.17,664.9,-499.34
-26.54,664.95,-498.89
-29.909,665.05,-498.44
-33.275,665.18,-497.98
-36.638,665.34,-497.51
-39.996,665.54,-497.02
-43.349,665.76,-496.5
-46.696,666.02,-495.96
-50.035,666.29,-495.38
-53.365,666.59,-494.76
-56.686,666.91,-494.11
-59.998,667.25,-493.42
-63.297,667.62,-492.68
-66.585,668,-491.91
-69.859,668.41,-491.08
-73.119,668.83,-490.21
-76.364,669.26,-489.3
-79.593,669.71,-488.33
-82.805,670.17,-487.32
-85.995,670.64,-486.24
-89.16,671.13,-485.09
-92.296,671.63,-483.88
-95.4,672.14,-482.59
-98.469,672.66,-481.22
-101.5,673.19,-479.78
-104.49,673.73,-478.25
-107.44,674.29,-476.65
-110.33,674.85,-474.96
-113.17,675.42,-473.17
-115.94,675.99,-471.28
-118.63,676.56,-469.29
-121.25,677.13,-467.2
-123.77,677.7,-464.99
-126.18,678.26,-462.66
-128.46,678.8,-460.19
-130.57,679.32,-457.58
-132.55,679.82,-454.87
-134.41,680.31,-452.06
-136.14,680.79,-449.17
-137.76,681.26,-446.22
-139.27,681.72,-443.21
-140.67,682.17,-440.14
-141.96,682.62,-437.03
-143.16,683.06,-433.88
-144.26,683.5,-430.69
-145.28,683.93,-427.48
-146.19,684.36,-424.23
-147.02,684.79,-420.96
-147.75,685.21,-417.67
-148.4,685.64,-414.36
-148.97,686.06,-411.03
-149.46,686.48,-407.7
-149.88,686.91,-404.35
-150.24,687.34,-401
-150.52,687.78,-397.64
-150.74,688.22,-394.27
-150.88,688.65,-390.9
-150.96,689.09,-387.53
-150.96,689.53,-384.16
-150.9,689.97,-380.79
-150.78,690.4,-377.42
-150.58,690.84,-374.05
-150.32,691.28,-370.69
-150.01,691.72,-367.34
-149.63,692.15,-363.98
-149.19,692.59,-360.64
-148.71,693.03,-357.3
-148.17,693.47,-353.98
-147.59,693.91,-350.66
-146.96,694.34,-347.34
-146.29,694.77,-344.04
-145.59,695.21,-340.74
-144.85,695.64,-337.45
-144.07,696.07,-334.17
-143.25,696.51,-330.9
-142.39,696.95,-327.64
-141.49,697.4,-324.39
-140.55,697.85,-321.15
-139.57,698.31,-317.93
-138.56,698.78,-314.72
-137.51,699.26,-311.52
-136.41,699.76,-308.34
-135.29,700.26,-305.17
-134.12,700.77,-302.02
-132.92,701.29,-298.88
-131.69,701.82,-295.76
-130.42,702.37,-292.65
-129.12,702.92,-289.56
-127.77,703.49,-286.49
-126.39,704.07,-283.43
-124.98,704.65,-280.4
-123.53,705.26,-277.38
-122.05,705.87,-274.39
-120.54,706.51,-271.4
-119.02,707.17,-268.44
-117.47,707.85,-265.49
-115.89,708.55,-262.56
-114.3,709.28,-259.64
-112.69,710.02,-256.75
-111.05,710.79,-253.87
-109.4,711.59,-251
-107.74,712.42,-248.15
-106.08,713.28,-245.32
-104.4,714.18,-242.5
-102.72,715.11,-239.7
-101.03,716.09,-236.91
-99.358,717.11,-234.13
-97.696,718.18,-231.36
-96.066,719.33,-228.61
-94.461,720.56,-225.88
-92.865,721.85,-223.17
-91.267,723.2,-220.49
-89.661,724.6,-217.84
-88.044,726.04,-215.22
-86.408,727.52,-212.63
-84.747,729.03,-210.08
-83.06,730.57,-207.56
-81.346,732.14,-205.08
-79.604,733.73,-202.63
-77.83,735.35,-200.22
-76.019,736.98,-197.85
-74.169,738.63,-195.52
-72.274,740.29,-193.24
-70.336,741.96,-191
-68.355,743.64,-188.8
-66.329,745.31,-186.65
-64.259,746.99,-184.53
-62.143,748.66,-182.47
-59.982,750.33,-180.44
-57.774,751.99,-178.46
-55.516,753.64,-176.52
-53.204,755.26,-174.63
-50.839,756.86,-172.78
-48.416,758.42,-170.98
-45.932,759.93,-169.22
-43.384,761.38,-167.5
-40.783,762.77,-165.81
-38.135,764.13,-164.16
-35.444,765.45,-162.55
-32.711,766.74,-161
-29.939,768.01,-159.49
-27.128,769.25,-158.03
-24.281,770.47,-156.63
-21.399,771.67,-155.29
-18.484,772.85,-154
-15.537,774.02,-152.77
-12.558,775.17,-151.6
-9.5497,776.3,-150.49
-6.5134,777.42,-149.45
-3.4513,778.52,-148.46
-0.36587,779.61,-147.54
2.7403,780.68,-146.67
5.8679,781.75,-145.87
9.0167,782.81,-145.14
12.185,783.85,-144.49
15.373,784.88,-143.91
18.578,785.91,-143.42
21.798,786.92,-143.01
25.031,787.92,-142.68
28.276,788.9,-142.44
31.529,789.88,-142.3
34.787,790.85,-142.25
38.048,791.81,-142.31
41.306,792.77,-142.47
44.558,793.72,-142.76
47.796,794.67,-143.17
51.009,795.62,-143.74
54.193,796.58,-144.45
57.35,797.53,-145.28
60.481,798.47,-146.22
63.585,799.4,-147.24
66.665,800.32,-148.36
69.718,801.22,-149.55
72.746,802.1,-150.82
75.751,802.96,-152.16
78.735,803.8,-153.55
81.697,804.62,-155.01
84.636,805.41,-156.52
87.551,806.19,-158.09
90.444,806.94,-159.71
93.314,807.67,-161.38
96.163,808.39,-163.09
98.992,809.08,-164.84
101.8,809.77,-166.63
104.6,810.44,-168.45
107.37,811.08,-170.3
110.14,811.7,-172.18
112.89,812.29,-174.09
115.63,812.85,-176.02
118.36,813.37,-177.98
121.08,813.86,-179.96
123.8,814.32,-181.95
126.5,814.74,-183.97
129.2,815.12,-186
131.91,815.46,-188.04
134.61,815.74,-190.08
137.32,815.96,-192.12
140.04,816.13,-194.16
142.76,816.22,-196.18
145.51,816.21,-198.19
148.29,816.09,-200.15
151.08,815.87,-202.08
153.88,815.58,-203.98
156.69,815.23,-205.87
159.5,814.84,-207.74
162.31,814.41,-209.6
165.12,813.95,-211.46
167.93,813.47,-213.31
170.75,812.98,-215.15
173.56,812.49,-217
176.36,812,-218.85
179.17,811.51,-220.71
181.98,811.02,-222.57
184.78,810.55,-224.43
187.59,810.08,-226.29
190.39,809.62,-228.16
193.19,809.19,-230.04
195.98,808.77,-231.93
198.77,808.38,-233.84
201.56,808.01,-235.75
204.34,807.68,-237.68
207.11,807.4,-239.63
209.89,807.16,-241.58
212.66,806.99,-243.54
215.43,806.88,-245.51
218.19,806.84,-247.49
220.95,806.86,-249.48
223.7,806.96,-251.48
226.44,807.13,-253.48
229.17,807.39,-255.48
231.89,807.77,-257.49
234.59,808.26,-259.5
237.26,808.87,-261.51
239.91,809.62,-263.51
242.51,810.53,-265.5
245.06,811.62,-267.46
247.52,812.97,-269.39
249.87,814.56,-271.25
252.13,816.35,-273.06
254.28,818.29,-274.83
256.36,820.37,-276.54
258.34,822.57,-278.22
260.24,824.87,-279.85
262.07,827.24,-281.45
263.83,829.69,-283.01
265.53,832.21,-284.54
267.15,834.8,-286.04
268.72,837.44,-287.5
270.23,840.12,-288.94
271.71,842.85,-290.34
273.15,845.6,-291.72
274.55,848.38,-293.09
275.92,851.18,-294.44
277.25,854.01,-295.78
278.54,856.85,-297.13
279.81,859.7,-298.47
281.04,862.57,-299.82
282.24,865.45,-301.17
283.42,868.33,-302.54
284.58,871.21,-303.94
285.72,874.07,-305.37
286.86,876.91,-306.85
287.98,879.72,-308.41
289.1,882.47,-310.06
290.22,885.14,-311.84
291.34,887.75,-313.71
292.47,890.33,-315.63
293.59,892.87,-317.58
294.71,895.39,-319.56
295.84,897.9,-321.56
296.98,900.4,-323.57
298.13,902.91,-325.56
299.29,905.41,-327.54
300.46,907.93,-329.51
301.65,910.44,-331.46
302.86,912.97,-333.39
304.08,915.51,-335.28
305.32,918.07,-337.15
306.58,920.65,-338.97
307.86,923.26,-340.74
309.17,925.89,-342.45
310.5,928.54,-344.1
311.88,931.22,-345.68
313.3,933.92,-347.19
314.75,936.64,-348.61
316.25,939.38,-349.95
317.79,942.14,-351.2
319.38,944.92,-352.34
321.03,947.72,-353.36
322.73,950.53,-354.23
324.48,953.35,-354.95
326.3,956.17,-355.49
328.19,958.98,-355.78
330.14,961.77,-355.86
332.13,964.52,-355.74
334.14,967.25,-355.45
336.18,969.93,-355.02
338.24,972.57,-354.44
340.31,975.17,-353.73
342.39,977.73,-352.9
344.48,980.25,-351.96
346.56,982.72,-350.9
348.65,985.13,-349.74
350.74,987.5,-348.48
352.83,989.82,-347.13
354.91,992.1,-345.7
356.99,994.34,-344.21
359.07,996.53,-342.65
361.14,998.67,-341.01
363.19,1000.8,-339.3
365.23,1002.8,-337.5
367.26,1004.8,-335.64
369.27,1006.7,-333.69
371.26,1008.6,-331.68
373.22,1010.5,-329.59
375.16,1012.2,-327.44
377.07,1013.9,-325.21
378.94,1015.6,-322.91
380.78,1017.2,-320.54
382.56,1018.8,-318.09
384.27,1020.2,-315.56
385.95,1021.7,-312.96
387.58,1023,-310.32
389.19,1024.4,-307.63
390.78,1025.6,-304.9
392.34,1026.8,-302.14
393.9,1028,-299.35
395.44,1029.2,-296.54
396.99,1030.2,-293.72
398.53,1031.3,-290.88
400.06,1032.3,-288.02
401.6,1033.3,-285.15
403.14,1034.3,-282.28
404.69,1035.2,-279.4
406.24,1036.1,-276.51
407.8,1037,-273.62
409.39,1037.9,-270.74
411.01,1038.7,-267.88
412.67,1039.5,-265.02
414.36,1040.3,-262.19
416.1,1041.1,-259.37
417.88,1041.9,-256.58
419.71,1042.7,-253.82
421.62,1043.4,-251.11
423.6,1044.1,-248.45
425.66,1044.9,-245.85
427.82,1045.6,-243.33
430.12,1046.3,-240.92
432.55,1047,-238.65
435.08,1047.7,-236.48
437.68,1048.4,-234.4
440.34,1049,-232.39
443.05,1049.7,-230.46
445.81,1050.4,-228.6
448.6,1051.1,-226.78
451.42,1051.8,-225.02
454.26,1052.6,-223.3
457.12,1053.3,-221.63
460,1054.1,-220
462.9,1054.9,-218.41
465.82,1055.7,-216.85
468.74,1056.5,-215.32
471.66,1057.4,-213.81
474.58,1058.3,-212.32
477.51,1059.2,-210.85
480.42,1060.2,-209.4
483.33,1061.2,-207.96
486.22,1062.3,-206.54
489.1,1063.4,-205.15
491.97,1064.6,-203.76
494.8,1065.9,-202.38
497.59,1067.3,-201.01
500.34,1068.7,-199.64
503.02,1070.3,-198.27
505.62,1072,-196.88
508.09,1073.9,-195.47
510.43,1075.9,-194.05
512.68,1078,-192.62
514.85,1080.2,-191.21
516.95,1082.5,-189.81
518.98,1084.8,-188.42
520.97,1087.2,-187.05
522.91,1089.6,-185.69
524.82,1092.1,-184.36
526.7,1094.6,-183.04
528.54,1097.2,-181.75
530.35,1099.8,-180.48
532.15,1102.4,-179.23
533.94,1105,-178
535.72,1107.6,-176.8
537.5,1110.3,-175.62
539.28,1112.9,-174.47
541.08,1115.6,-173.33
542.88,1118.2,-172.21
544.7,1120.9,-171.12
546.54,1123.5,-170.04
548.4,1126.2,-168.99
550.3,1128.8,-167.95
552.24,1131.4,-166.93
554.25,1134,-165.93
556.32,1136.5,-164.95
558.5,1138.9,-163.98
560.79,1141.2,-163.03
563.15,1143.5,-162.11
565.57,1145.7,-161.2
568.04,1147.9,-160.31
570.55,1150,-159.44
573.08,1152.1,-158.6
575.65,1154.2,-157.77
578.23,1156.2,-156.96
580.83,1158.3,-156.18
583.44,1160.3,-155.41
586.06,1162.3,-154.67
588.7,1164.4,-153.94
591.34,1166.4,-153.24
593.97,1168.4,-152.55
596.59,1170.5,-151.88
599.2,1172.6,-151.23
601.8,1174.7,-150.6
604.4,1176.8,-149.99
606.99,1178.9,-149.4
609.57,1181,-148.83
612.15,1183.2,-148.28
614.73,1185.3,-147.76
617.3,1187.5,-147.26
619.86,1189.7,-146.78
622.42,1191.9,-146.33
624.97,1194.1,-145.9
627.51,1196.3,-145.51
630.06,1198.5,-145.14
632.6,1200.7,-144.81
635.16,1203,-144.51
637.73,1205.2,-144.24
640.28,1207.4,-143.99
642.82,1209.7,-143.77
645.34,1211.9,-143.57
647.84,1214.2,-143.38
650.31,1216.6,-143.22
652.75,1218.9,-143.06
655.16,1221.3,-142.93
657.52,1223.8,-142.8
659.83,1226.3,-142.69
662.11,1228.8,-142.59
664.33,1231.4,-142.51
666.5,1234,-142.43
668.61,1236.6,-142.36
670.67,1239.3,-142.31
672.67,1242.1,-142.26
674.6,1244.9,-142.21
676.47,1247.7,-142.17
678.25,1250.6,-142.14
679.95,1253.6,-142.11
681.55,1256.6,-142.09
683.04,1259.6,-142.07
684.42,1262.7,-142.06
685.68,1265.9,-142.05
686.83,1269.1,-142.05
687.84,1272.3,-142.06
688.72,1275.6,-142.06
689.43,1278.9,-142.07
689.98,1282.3,-142.09
690.35,1285.7,-142.1
690.52,1289.1,-142.12
690.47,1292.5,-142.14
690.17,1295.9,-142.16
689.52,1299.2,-142.18
688.58,1302.5,-142.2
687.36,1305.6,-142.21
685.92,1308.7,-142.23
684.26,1311.7,-142.24
682.41,1314.5,-142.24
680.39,1317.3,-142.23
678.21,1319.9,-142.22
675.88,1322.3,-142.2
673.42,1324.7,-142.18
670.83,1326.9,-142.14
668.14,1329,-142.1
665.35,1330.9,-142.05
662.48,1332.7,-142
659.54,1334.4,-141.94
656.52,1336,-141.87
653.44,1337.4,-141.77
650.3,1338.7,-141.66
647.12,1339.9,-141.53
643.88,1341,-141.37
640.62,1341.9,-141.19
637.32,1342.7,-140.98
634,1343.4,-140.74
630.66,1343.9,-140.46
627.31,1344.4,-140.13
623.96,1344.8,-139.73
620.61,1345.2,-139.28
617.25,1345.5,-138.78
613.9,1345.7,-138.26
610.55,1345.8,-137.7
607.2,1345.9,-137.13
603.85,1345.8,-136.54
600.51,1345.7,-135.93
597.17,1345.5,-135.31
593.84,1345.3,-134.69
590.52,1344.9,-134.06
587.21,1344.4,-133.42
583.91,1343.9,-132.79
580.63,1343.3,-132.15
577.36,1342.6,-131.52
574.12,1341.8,-130.89
570.89,1340.9,-130.26
567.68,1340,-129.66
564.5,1338.9,-129.06
561.35,1337.8,-128.48
558.22,1336.6,-127.92
555.12,1335.3,-127.36
552.05,1334,-126.83
549.02,1332.5,-126.31
546.01,1331,-125.81
543.05,1329.4,-125.33
540.11,1327.7,-124.88
537.22,1326,-124.44
534.37,1324.2,-124.03
531.55,1322.3,-123.65
528.78,1320.4,-123.3
526.05,1318.4,-122.99
523.37,1316.3,-122.7
520.73,1314.2,-122.46
518.15,1312,-122.27
515.63,1309.7,-122.13
513.17,1307.4,-122.03
510.78,1305,-121.98
508.46,1302.5,-121.98
506.21,1299.9,-122.02
504.03,1297.3,-122.11
501.93,1294.6,-122.24
499.9,1291.9,-122.42
497.94,1289.2,-122.64
496.07,1286.3,-122.91
494.26,1283.5,-123.23
492.54,1280.6,-123.59
490.89,1277.6,-124
489.33,1274.6,-124.45
487.84,1271.6,-124.95
486.44,1268.6,-125.49
485.12,1265.5,-126.09
483.89,1262.4,-126.73
482.75,1259.3,-127.43
481.7,1256.1,-128.18
480.74,1253,-128.98
479.87,1249.8,-129.83
479.11,1246.6,-130.73
478.44,1243.4,-131.69
477.88,1240.2,-132.7
477.44,1237,-133.77
477.11,1233.8,-134.9
476.89,1230.6,-136.07
476.75,1227.5,-137.29
476.69,1224.3,-138.55
476.71,1221.2,-139.84
476.8,1218,-141.18
476.96,1214.9,-142.56
477.19,1211.8,-143.97
477.47,1208.8,-145.42
477.82,1205.7,-146.91
478.22,1202.7,-148.43
478.67,1199.7,-149.99
479.18,1196.8,-151.58
479.72,1193.8,-153.2
480.31,1190.9,-154.86
480.94,1188,-156.54
481.59,1185.2,-158.25
482.28,1182.3,-159.99
482.99,1179.5,-161.76
483.74,1176.7,-163.56
484.53,1174,-165.4
485.34,1171.3,-167.28
486.19,1168.6,-169.19
487.06,1165.9,-171.13
487.96,1163.3,-173.12
488.89,1160.8,-175.13
489.84,1158.2,-177.19
490.82,1155.7,-179.29
491.82,1153.3,-181.43
492.86,1150.9,-183.61
493.92,1148.6,-185.85
495.01,1146.3,-188.13
496.15,1144.1,-190.48
497.31,1142,-192.88
498.49,1140,-195.33
499.67,1138,-197.82
500.85,1136,-200.35
502.02,1134.1,-202.91
503.17,1132.3,-205.51
504.29,1130.4,-208.13
505.39,1128.6,-210.78
506.45,1126.8,-213.46
507.48,1125,-216.16
508.47,1123.2,-218.89
509.42,1121.5,-221.64
510.33,1119.7,-224.4
511.21,1117.9,-227.17
512.03,1116.2,-229.96
512.77,1114.4,-232.77
513.44,1112.6,-235.58
514.01,1110.8,-238.41
514.48,1109,-241.25
514.86,1107.2,-244.09
515.12,1105.3,-246.93
515.25,1103.4,-249.76
515.23,1101.5,-252.58
515.05,1099.6,-255.37
514.67,1097.7,-258.12
514.08,1095.7,-260.81
513.21,1093.6,-263.41
512.05,1091.6,-265.88
510.67,1089.6,-268.24
509.12,1087.6,-270.49
507.42,1085.6,-272.64
505.59,1083.6,-274.7
503.64,1081.6,-276.66
501.62,1079.6,-278.55
499.5,1077.7,-280.35
497.31,1075.7,-282.08
495.05,1073.8,-283.72
492.72,1071.9,-285.28
490.34,1070,-286.78
487.92,1068,-288.22
485.46,1066.2,-289.61
482.98,1064.3,-290.94
480.47,1062.3,-292.22
477.95,1060.4,-293.45
475.41,1058.5,-294.63
472.87,1056.5,-295.76
470.32,1054.6,-296.85
467.78,1052.6,-297.9
465.27,1050.5,-298.93
462.79,1048.4,-299.93
460.36,1046.3,-300.93
458.01,1044,-301.94
455.77,1041.7,-302.98
453.64,1039.3,-304.04
451.58,1036.8,-305.11
449.57,1034.2,-306.18
447.6,1031.7,-307.23
445.66,1029.1,-308.26
443.75,1026.5,-309.27
441.85,1023.8,-310.25
439.95,1021.2,-311.19
438.06,1018.5,-312.1
436.16,1015.8,-312.97
434.26,1013.1,-313.8
432.36,1010.4,-314.6
430.45,1007.7,-315.35
428.53,1005,-316.07
426.6,1002.3,-316.74
424.64,999.56,-317.37
422.65,996.86,-317.95
420.64,994.18,-318.49
418.6,991.5,-318.97
416.53,988.84,-319.38
414.42,986.19,-319.73
412.28,983.57,-320.01
410.1,980.96,-320.23
407.89,978.38,-320.37
405.65,975.83,-320.44
403.36,973.31,-320.42
401.03,970.84,-320.31
398.65,968.42,-320.09
396.22,966.07,-319.77
393.74,963.79,-319.32
391.2,961.6,-318.73
388.61,959.55,-317.96
385.97,957.62,-317.03
383.29,955.8,-315.98
380.6,954.07,-314.82
377.89,952.44,-313.58
375.17,950.87,-312.27
372.44,949.39,-310.9
369.7,947.97,-309.47
366.95,946.62,-307.99
364.2,945.32,-306.48
361.44,944.07,-304.94
358.67,942.87,-303.37
355.9,941.73,-301.77
353.12,940.63,-300.15
350.34,939.57,-298.5
347.55,938.54,-296.84
344.76,937.55,-295.17
341.98,936.57,-293.49
339.19,935.6,-291.8
336.39,934.66,-290.12
333.58,933.73,-288.44
330.75,932.83,-286.78
327.91,931.95,-285.14
325.05,931.08,-283.52
322.17,930.23,-281.93
319.26,929.4,-280.37
316.34,928.58,-278.83
313.39,927.78,-277.34
310.42,926.99,-275.9
307.4,926.21,-274.53
304.36,925.44,-273.23
301.28,924.67,-272.02
298.16,923.91,-270.91
294.99,923.15,-269.93
291.77,922.4,-269.12
288.51,921.66,-268.51
285.23,920.92,-268.03
281.93,920.18,-267.68
278.62,919.45,-267.43
275.31,918.7,-267.26
271.99,917.96,-267.16
268.68,917.2,-267.14
265.37,916.42,-267.17
262.06,915.63,-267.23
258.76,914.81,-267.34
255.47,913.98,-267.48
252.18,913.12,-267.66
248.91,912.24,-267.87
245.64,911.34,-268.1
242.37,910.41,-268.35
239.12,909.46,-268.61
235.87,908.5,-268.88
232.63,907.51,-269.13
229.4,906.48,-269.39
226.18,905.41,-269.64
222.98,904.29,-269.88
219.8,903.11,-270.1
216.64,901.87,-270.31
213.5,900.57,-270.5
210.39,899.2,-270.67
207.31,897.77,-270.83
204.27,896.26,-270.95
201.27,894.66,-271.03
198.32,892.97,-271.07
195.43,891.18,-271.05
192.61,889.28,-270.96
189.89,887.26,-270.8
187.28,885.1,-270.54
184.85,882.76,-270.14
182.59,880.26,-269.63
180.5,877.66,-269.01
178.53,874.97,-268.32
176.69,872.22,-267.56
174.96,869.41,-266.73
173.33,866.56,-265.86
171.76,863.68,-264.95
170.28,860.77,-264
168.86,857.84,-263.01
167.51,854.9,-261.98
166.22,851.94,-260.92
164.98,848.97,-259.83
163.76,845.99,-258.71
162.57,843.01,-257.58
161.4,840.04,-256.43
160.25,837.06,-255.26
159.09,834.09,-254.07
157.94,831.13,-252.86
156.79,828.18,-251.63
155.62,825.24,-250.38
154.45,822.31,-249.11
153.25,819.4,-247.82
152.01,816.52,-246.52
150.72,813.66,-245.21
149.35,810.84,-243.9
147.9,808.06,-242.58
146.33,805.34,-241.28
144.62,802.69,-240
142.81,800.11,-238.73
140.92,797.59,-237.46
138.96,795.11,-236.19
136.95,792.68,-234.92
134.89,790.3,-233.64
132.79,787.96,-232.35
130.66,785.66,-231.05
128.49,783.39,-229.73
126.3,781.16,-228.39
124.07,778.98,-227.04
121.82,776.83,-225.67
119.55,774.71,-224.29
117.26,772.63,-222.88
114.96,770.58,-221.44
112.65,768.56,-219.98
110.33,766.57,-218.49
108,764.61,-216.97
105.66,762.69,-215.43
103.31,760.8,-213.86
100.95,758.94,-212.26
98.581,757.12,-210.63
96.204,755.34,-208.98
93.823,753.59,-207.3
91.443,751.88,-205.58
89.064,750.19,-203.83
86.692,748.53,-202.05
84.33,746.9,-200.23
81.988,745.29,-198.36
79.673,743.69,-196.45
77.376,742.12,-194.5
75.092,740.59,-192.5
72.816,739.09,-190.47
70.547,737.63,-188.4
68.283,736.21,-186.29
66.022,734.85,-184.15
63.763,733.53,-181.98
61.505,732.27,-179.78
59.247,731.06,-177.54
56.991,729.9,-175.27
54.735,728.81,-172.98
52.476,727.77,-170.66
50.212,726.78,-168.32
47.94,725.86,-165.97
45.664,725,-163.59
43.389,724.22,-161.19
41.118,723.5,-158.76
38.852,722.86,-156.31
36.592,722.31,-153.83
34.34,721.83,-151.33
32.097,721.43,-148.81
29.87,721.12,-146.25
27.661,720.91,-143.68
25.473,720.8,-141.08
23.315,720.81,-138.45
21.195,720.93,-135.8
19.133,721.19,-133.11
17.137,721.61,-130.39
15.189,722.15,-127.65
13.279,722.8,-124.92
11.398,723.55,-122.18
9.5433,724.39,-119.46
7.7079,725.32,-116.76
5.8821,726.33,-114.07
4.0628,727.41,-111.41
2.2501,728.56,-108.77
0.44121,729.78,-106.16
-1.3665,731.06,-103.59
-3.1772,732.41,-101.04
-4.9944,733.8,-98.532
-6.8204,735.25,-96.055
-8.6613,736.74,-93.618
-10.523,738.28,-91.225
-12.41,739.86,-88.88
-14.329,741.48,-86.588
-16.28,743.14,-84.353
-18.267,744.84,-82.175
-20.289,746.56,-80.058
-22.359,748.32,-78.01
-24.485,750.1,-76.039
-26.67,751.89,-74.148
-28.925,753.69,-72.349
-31.262,755.48,-70.656
-33.699,757.26,-69.088
-36.233,759.01,-67.644
-38.834,760.74,-66.302
-41.488,762.46,-65.052
-44.187,764.16,-63.886
-46.924,765.86,-62.8
-49.694,767.56,-61.792
-52.494,769.24,-60.858
-55.316,770.93,-59.99
-58.157,772.62,-59.185
-61.018,774.3,-58.444
-63.896,775.98,-57.767
-66.79,777.65,-57.152
-69.699,779.32,-56.598
-72.619,780.99,-56.101
-75.549,782.66,-55.659
-78.487,784.32,-55.269
-81.432,785.99,-54.929
-84.381,787.66,-54.637
-87.334,789.32,-54.39
-90.29,790.99,-54.187
-93.247,792.66,-54.024
-96.205,794.33,-53.902
-99.164,796.01,-53.819
-102.12,797.68,-53.777
-105.08,799.35,-53.771
-108.04,801.03,-53.793
-110.99,802.72,-53.839
-113.93,804.42,-53.906
-116.86,806.14,-53.988
-119.78,807.88,-54.076
-122.69,809.65,-54.157
-125.56,811.47,-54.212
-128.41,813.32,-54.253
-131.25,815.19,-54.3
-134.08,817.08,-54.359
-136.9,818.97,-54.44
-139.73,820.86,-54.546
-142.55,822.74,-54.683
-145.38,824.62,-54.857
-148.22,826.48,-55.077
-151.06,828.32,-55.34
-153.92,830.15,-55.643
-156.78,831.95,-55.99
-159.65,833.73,-56.382
-162.53,835.48,-56.818
-165.43,837.2,-57.299
-168.34,838.88,-57.821
-171.26,840.52,-58.389
-174.2,842.11,-59.014
-177.14,843.66,-59.704
-180.1,845.15,-60.464
-183.07,846.58,-61.298
-186.05,847.95,-62.208
-189.03,849.26,-63.191
-192.01,850.5,-64.247
-194.99,851.67,-65.393
-197.97,852.74,-66.64
-200.93,853.72,-67.989
-203.87,854.6,-69.452
-206.78,855.35,-71.042
-209.64,855.97,-72.778
-212.41,856.41,-74.698
-215.09,856.7,-76.767
-217.7,856.85,-78.938
-220.25,856.88,-81.189
-222.74,856.79,-83.499
-225.18,856.61,-85.857
-227.58,856.32,-88.253
-229.94,855.94,-90.669
-232.28,855.48,-93.094
-234.59,854.93,-95.526
-236.88,854.3,-97.961
-239.14,853.6,-100.39
-241.39,852.82,-102.82
-243.64,851.97,-105.23
-245.87,851.07,-107.63
-248.11,850.12,-110
-250.36,849.12,-112.35
-252.62,848.07,-114.66
-254.9,846.95,-116.93
-257.2,845.78,-119.14
-259.52,844.55,-121.3
-261.87,843.25,-123.39
-264.25,841.9,-125.41
-266.65,840.49,-127.36
-269.09,839.03,-129.21
-271.57,837.5,-130.97
-274.1,835.93,-132.6
-276.68,834.3,-134.1
-279.31,832.62,-135.44
-282.01,830.89,-136.6
-284.76,829.13,-137.52
-287.57,827.33,-138.16
-290.41,825.51,-138.59
-293.27,823.68,-138.83
-296.13,821.86,-138.9
-299,820.03,-138.81
-301.87,818.22,-138.57
-304.73,816.42,-138.2
-307.59,814.64,-137.72
-310.44,812.88,-137.13
-313.27,811.15,-136.42
-316.1,809.45,-135.61
-318.91,807.77,-134.69
-321.71,806.12,-133.69
-324.49,804.49,-132.6
-327.26,802.89,-131.44
-330.01,801.32,-130.21
-332.76,799.79,-128.91
-335.5,798.31,-127.56
-338.25,796.9,-126.14
-340.99,795.54,-124.66
-343.74,794.25,-123.13
-346.49,793.03,-121.55
-349.25,791.89,-119.92
-352.03,790.84,-118.27
-354.83,789.88,-116.59
-357.65,789.03,-114.9
-360.52,788.3,-113.22
-363.43,787.71,-111.57
-366.41,787.3,-109.99
-369.43,787.02,-108.46
-372.48,786.86,-106.95
-375.53,786.79,-105.46
-378.58,786.82,-103.96
-381.63,786.94,-102.46
-384.67,787.13,-100.95
-387.69,787.39,-99.415
-390.7,787.71,-97.852
-393.67,788.08,-96.256
-396.63,788.51,-94.63
-399.56,789,-92.97
-402.46,789.53,-91.276
-405.32,790.12,-89.544
-408.15,790.74,-87.769
-410.95,791.4,-85.947
-413.7,792.09,-84.072
-416.41,792.8,-82.142
-419.07,793.54,-80.158
-421.68,794.3,-78.116
-424.23,795.08,-76.015
-426.73,795.88,-73.854
-429.17,796.7,-71.633
-431.55,797.53,-69.351
-433.87,798.37,-67.012
-436.12,799.23,-64.61
-438.3,800.08,-62.14
-440.39,800.92,-59.598
-442.4,801.76,-56.985
-444.31,802.57,-54.295
-446.12,803.36,-51.527
-447.81,804.1,-48.673
-449.36,804.78,-45.72
-450.74,805.39,-42.675
-451.98,805.94,-39.559
-453.09,806.46,-36.386
-454.06,806.95,-33.166
-454.91,807.4,-29.905
-455.64,807.82,-26.611
-456.25,808.22,-23.291
-456.75,808.6,-19.95
-457.14,808.96,-16.591
-457.42,809.3,-13.22
-457.6,809.62,-9.8398
-457.67,809.92,-6.4544
-457.65,810.22,-3.0674
-457.55,810.51,0.31807
-457.36,810.81,3.7003
-457.08,811.09,7.0772
-456.71,811.36,10.446
-456.25,811.61,13.805
-455.7,811.84,17.152
-455.05,812.06,20.483
-454.32,812.27,23.796
-453.5,812.45,27.09
-452.58,812.61,30.361
-451.58,812.75,33.606
-450.49,812.87,36.824
-449.3,812.96,40.009
-448.02,813.02,43.158
-446.64,813.05,46.263
-445.15,813.03,49.322
-443.58,812.99,52.337
-441.94,812.93,55.31
-440.22,812.85,58.246
-438.45,812.76,61.143
-436.61,812.66,64.006
-434.73,812.56,66.836
-432.81,812.46,69.638
-430.84,812.36,72.409
-428.83,812.26,75.151
-426.79,812.17,77.866
-424.71,812.09,80.555
-422.6,812.01,83.22
-420.46,811.93,85.859
-418.29,811.87,88.476
-416.1,811.83,91.077
-413.9,811.8,93.668
-411.69,811.8,96.252
-409.48,811.83,98.833
-407.26,811.88,101.41
-405.05,811.97,103.99
-402.84,812.09,106.57
-400.65,812.25,109.17
-398.49,812.46,111.79
-396.36,812.73,114.42
-394.27,813.06,117.09
-392.26,813.46,119.79
-390.34,813.96,122.56
-388.52,814.55,125.37
-386.77,815.21,128.21
-385.07,815.93,131.07
-383.42,816.69,133.94
-381.8,817.5,136.82
-380.22,818.35,139.7
-378.66,819.23,142.59
-377.11,820.14,145.48
-375.57,821.08,148.36
-374.05,822.04,151.24
-372.53,823.03,154.12
-371.02,824.04,156.99
-369.5,825.07,159.86
-367.98,826.11,162.71
-366.44,827.17,165.56
-364.87,828.23,168.38
-363.28,829.29,171.19
-361.68,830.37,173.99
-360.06,831.45,176.78
-358.43,832.54,179.55
-356.78,833.65,182.32
-355.12,834.75,185.07
-353.44,835.87,187.81
-351.75,836.99,190.54
-350.04,838.11,193.25
-348.32,839.24,195.96
-346.58,840.37,198.65
-344.83,841.5,201.34
-343.06,842.63,204.01
-341.29,843.77,206.68
-339.52,844.9,209.35
-337.74,846.04,212.02
-335.93,847.16,214.67
-334.09,848.28,217.3
-332.2,849.39,219.9
-330.26,850.48,222.47
-328.26,851.55,225
-326.2,852.6,227.49
-324.07,853.63,229.93
-321.87,854.62,232.33
-319.6,855.59,234.67
-317.26,856.52,236.96
-314.85,857.41,239.19
-312.37,858.25,241.35
-309.82,859.05,243.45
-307.18,859.79,245.46
-304.45,860.47,247.38
-301.64,861.1,249.18
-298.74,861.65,250.85
-295.75,862.15,252.4
-292.68,862.56,253.81
-289.54,862.9,255.06
-286.32,863.16,256.12
-283.04,863.33,256.98
-279.7,863.4,257.61
-276.32,863.38,257.97
-272.92,863.25,258
-269.54,863.03,257.77
-266.18,862.73,257.31
-262.87,862.34,256.65
-259.61,861.86,255.82
-256.41,861.31,254.83
-253.27,860.67,253.68
-250.2,859.94,252.4
-247.21,859.13,251.01
-244.3,858.24,249.5
-241.47,857.27,247.88
-238.73,856.22,246.16
-236.09,855.09,244.35
-233.53,853.89,242.45
-231.07,852.61,240.49
-228.7,851.26,238.46
-226.42,849.84,236.37
-224.24,848.34,234.24
-222.15,846.77,232.06
-220.18,845.11,229.85
-218.31,843.37,227.6
-216.56,841.54,225.33
-214.91,839.64,223.04
-213.39,837.66,220.74
-211.98,835.59,218.44
-210.68,833.44,216.15
-209.5,831.19,213.89
-208.44,828.85,211.66
-207.49,826.42,209.49
-206.65,823.87,207.4
-205.92,821.21,205.42
-205.3,818.45,203.53
-204.79,815.62,201.71
-204.41,812.74,199.95
-204.14,809.8,198.26
-203.99,806.82,196.63
-203.95,803.81,195.05
-204.04,800.77,193.53
-204.24,797.72,192.05
-204.57,794.65,190.62
-205,791.58,189.24
-205.56,788.5,187.9
-206.23,785.42,186.62
-207.01,782.35,185.38
-207.91,779.3,184.17
-208.92,776.28,183
-210.04,773.28,181.85
-211.26,770.31,180.74
-212.59,767.37,179.68
-214.03,764.46,178.65
-215.56,761.58,177.68
-217.18,758.75,176.75
-218.9,755.95,175.87
-220.72,753.2,175.04
-222.62,750.49,174.25
-224.6,747.83,173.52
-226.67,745.22,172.84
-228.82,742.66,172.2
-231.05,740.16,171.62
-233.34,737.71,171.09
-235.71,735.31,170.62
-238.13,732.96,170.21
-240.62,730.67,169.84
-243.16,728.44,169.52
-245.77,726.27,169.24
-248.43,724.17,169
-251.14,722.14,168.79
-253.92,720.17,168.62
-256.74,718.29,168.47
-259.62,716.48,168.35
-262.54,714.75,168.24
-265.51,713.1,168.17
-268.53,711.53,168.11
-271.59,710.05,168.07
-274.69,708.65,168.06
-277.82,707.33,168.06
-280.99,706.1,168.07
-284.19,704.96,168.11
-287.42,703.9,168.16
-290.68,702.93,168.22
-293.97,702.06,168.29
-297.28,701.28,168.35
-300.61,700.61,168.4
-303.96,700.04,168.45
-307.33,699.58,168.48
-310.71,699.21,168.51
-314.1,698.95,168.52
-317.49,698.81,168.51
-320.89,698.78,168.46
-324.29,698.87,168.38
-327.68,699.07,168.26
-331.06,699.41,168.09
-334.42,699.88,167.85
-337.74,700.51,167.52
-341.02,701.31,167.08
-344.24,702.27,166.55
-347.4,703.38,165.97
-350.5,704.61,165.35
-353.55,705.97,164.69
-356.54,707.44,163.99
-359.46,709.02,163.29
-362.34,710.69,162.57
-365.15,712.46,161.84
-367.9,714.31,161.11
-370.59,716.26,160.38
-373.23,718.28,159.65
-375.81,720.38,158.94
-378.33,722.54,158.25
-380.81,724.78,157.59
-383.23,727.07,156.95
-385.61,729.43,156.33
-387.94,731.83,155.73
-390.22,734.29,155.16
-392.46,736.78,154.61
-394.65,739.33,154.08
-396.8,741.91,153.58
-398.92,744.53,153.1
-401,747.18,152.66
-403.06,749.86,152.24
-405.1,752.55,151.86
-407.12,755.26,151.5
-409.15,757.97,151.17
-411.2,760.67,150.87
-413.24,763.37,150.6
-415.28,766.08,150.37
-417.29,768.81,150.19
-419.29,771.56,150.05
-421.27,774.33,149.97
-423.21,777.11,149.93
-425.13,779.93,149.96
-427,782.76,150.05
-428.85,785.61,150.21
-430.66,788.48,150.42
-432.43,791.37,150.71
-434.17,794.27,151.06
-435.86,797.19,151.48
-437.51,800.12,151.96
-439.12,803.07,152.52
-440.67,806.02,153.16
-442.17,808.98,153.88
-443.61,811.95,154.7
-444.99,814.92,155.61
-446.31,817.89,156.62
-447.57,820.85,157.72
-448.75,823.8,158.93
-449.85,826.74,160.25
-450.86,829.65,161.68
-451.78,832.53,163.23
-452.58,835.38,164.9
-453.25,838.17,166.72
-453.74,840.9,168.7
-454.1,843.54,170.8
-454.33,846.11,173.02
-454.47,848.6,175.33
-454.52,851.01,177.72
-454.48,853.35,180.19
-454.38,855.6,182.74
-454.22,857.78,185.34
-454.01,859.88,188.01
-453.75,861.9,190.73
-453.45,863.84,193.51
-453.11,865.7,196.33
-452.74,867.49,199.19
-452.34,869.22,202.1
-451.93,870.88,205.03
-451.51,872.48,208.01
-451.08,874,211.01
-450.65,875.45,214.06
-450.23,876.83,217.14
-449.81,878.12,220.26
-449.41,879.35,223.4
-449.02,880.49,226.58
-448.66,881.56,229.79
-448.35,882.54,233.03
-448.07,883.45,236.29
-447.86,884.27,239.59
-447.73,885,242.9
-447.7,885.63,246.24
-447.77,886.18,249.6
-447.92,886.65,252.96
-448.13,887.05,256.33
-448.4,887.38,259.71
-448.72,887.66,263.08
-449.09,887.87,266.45
-449.51,888.04,269.82
-449.97,888.16,273.19
-450.46,888.23,276.55
-450.99,888.26,279.91
-451.55,888.25,283.26
-452.16,888.2,286.61
-452.79,888.11,289.95
-453.45,887.98,293.28
-454.12,887.83,296.61
-454.81,887.65,299.94
-455.51,887.44,303.26
-456.23,887.2,306.57
-456.99,886.95,309.87
-457.78,886.69,313.17
-458.61,886.41,316.46
-459.47,886.12,319.73
-460.37,885.82,323
-461.31,885.52,326.25
-462.29,885.21,329.49
-463.31,884.91,332.72
-464.39,884.62,335.93
-465.52,884.34,339.13
-466.72,884.08,342.3
-467.98,883.85,345.45
-469.33,883.66,348.56
-470.8,883.54,351.62
-472.36,883.46,354.65
-473.98,883.41,357.64
-475.64,883.4,360.6
-477.34,883.41,363.54
-479.07,883.44,366.47
-480.81,883.49,369.39
-482.56,883.55,372.31
-484.31,883.63,375.22
-486.05,883.73,378.14
-487.79,883.83,381.06
-489.51,883.95,383.99
-491.21,884.07,386.93
-492.88,884.18,389.89
-494.5,884.31,392.88
-496.09,884.44,395.88
-497.62,884.6,398.91
-499.1,884.76,401.97
-500.51,884.94,405.06
-501.86,885.14,408.17
-503.13,885.37,411.32
-504.31,885.61,414.5
-505.39,885.88,417.71
-506.34,886.18,420.96
-507.16,886.51,424.24
-507.82,886.89,427.55
-508.36,887.3,430.89
-508.79,887.73,434.23
-509.12,888.18,437.59
-509.35,888.64,440.95
-509.49,889.11,444.31
-509.53,889.59,447.68
-509.48,890.07,451.04
-509.35,890.55,454.41
-509.13,891.03,457.76
-508.83,891.51,461.12
-508.43,891.98,464.46
-507.95,892.44,467.79
-507.38,892.89,471.12
-506.73,893.33,474.42
-506,893.76,477.72
-505.2,894.15,481
-504.31,894.52,484.26
-503.35,894.87,487.5
-502.31,895.2,490.72
-501.17,895.51,493.91
-499.95,895.79,497.07
-498.65,896.06,500.2
-497.25,896.31,503.29
-495.77,896.54,506.34
-494.19,896.74,509.35
-492.53,896.93,512.31
-490.78,897.09,515.22
-488.94,897.24,518.07
-487.02,897.37,520.87
-485,897.48,523.61
-482.89,897.59,526.27
-480.7,897.71,528.86
-478.41,897.83,531.38
-476.05,897.94,533.82
-473.62,898.03,536.19
-471.11,898.1,538.49
-468.55,898.13,540.72
-465.92,898.12,542.88
-463.23,898.07,544.96
-460.49,897.97,546.97
-457.7,897.81,548.9
-454.85,897.59,550.75
-451.97,897.32,552.53
-449.04,896.98,554.22
-446.07,896.57,555.83
-443.07,896.1,557.36
-440.04,895.57,558.81
-436.99,894.96,560.17
-433.91,894.29,561.45
-430.82,893.56,562.65
-427.71,892.74,563.76
-424.59,891.84,564.78
-421.47,890.84,565.7
-418.36,889.75,566.51
-415.26,888.56,567.22
-412.17,887.26,567.83
-409.11,885.87,568.32
-406.08,884.37,568.7
-403.09,882.78,568.97
-400.16,881.06,569.11
-397.3,879.22,569.13
-394.52,877.27,569.03
-391.84,875.19,568.79
-389.28,872.99,568.41
-386.87,870.64,567.89
-384.67,868.14,567.2
-382.7,865.51,566.35
-380.93,862.78,565.37
-379.36,859.98,564.25
-377.96,857.13,563.03
-376.73,854.26,561.71
-375.66,851.36,560.29
-374.76,848.44,558.78
-373.99,845.53,557.2
-373.35,842.63,555.55
-372.86,839.74,553.83
-372.5,836.87,552.05
-372.26,834.02,550.21
-372.15,831.19,548.32
-372.15,828.4,546.38
-372.25,825.64,544.4
-372.43,822.92,542.37
-372.7,820.23,540.3
-373.05,817.58,538.2
-373.49,814.97,536.08
-374,812.39,533.92
-374.58,809.84,531.74
-375.24,807.34,529.54
-375.96,804.87,527.32
-376.76,802.44,525.08
-377.61,800.04,522.82
-378.51,797.67,520.55
-379.45,795.34,518.27
-380.44,793.03,515.97
-381.45,790.74,513.67
-382.48,788.47,511.36
-383.51,786.22,509.04
-384.53,783.95,506.71
-385.54,781.69,504.38
-386.55,779.44,502.04
-387.58,777.21,499.69
-388.63,775,497.34
-389.71,772.81,494.97
-390.82,770.64,492.59
-391.95,768.5,490.21
-393.12,766.39,487.81
-394.32,764.31,485.4
-395.56,762.26,482.99
-396.83,760.24,480.57
-398.13,758.25,478.13
-399.46,756.3,475.69
-400.83,754.38,473.25
-402.24,752.5,470.79
-403.69,750.66,468.32
-405.18,748.86,465.85
-406.7,747.1,463.38
-408.26,745.37,460.89
-409.85,743.68,458.41
-411.47,742.03,455.92
-413.12,740.41,453.43
-414.8,738.82,450.93
-416.51,737.27,448.44
-418.24,735.75,445.94
-420.01,734.26,443.44
-421.8,732.81,440.94
-423.63,731.39,438.45
-425.48,730.01,435.96
-427.37,728.65,433.48
-429.29,727.33,431
-431.25,726.04,428.54
-433.24,724.78,426.09
-435.27,723.57,423.65
-437.32,722.39,421.21
-439.4,721.26,418.76
-441.5,720.17,416.32
-443.61,719.12,413.88
-445.74,718.12,411.42
-447.89,717.15,408.97
-450.04,716.23,406.5
-452.21,715.36,404.04
-454.39,714.52,401.56
-456.57,713.73,399.07
-458.76,712.99,396.58
-460.95,712.28,394.08
-463.14,711.62,391.57
-465.33,711.01,389.04
-467.52,710.44,386.5
-469.69,709.92,383.94
-471.86,709.44,381.36
-474.02,709.01,378.77
-476.16,708.63,376.16
-478.28,708.29,373.52
-480.38,708.01,370.86
-482.46,707.78,368.18
-484.49,707.6,365.46
-486.49,707.48,362.71
-488.43,707.42,359.92
-490.32,707.42,357.09
-492.17,707.46,354.24
-493.98,707.55,351.37
-495.77,707.68,348.48
-497.53,707.86,345.57
-499.25,708.07,342.65
-500.96,708.32,339.72
-502.64,708.6,336.78
-504.3,708.91,333.83
-505.94,709.26,330.87
-507.56,709.64,327.91
-509.16,710.06,324.93
-510.73,710.51,321.95
-512.29,710.98,318.97
-513.83,711.49,315.98
-515.35,712.03,312.99
-516.86,712.59,309.99
-518.35,713.18,307
-519.83,713.79,304
-521.3,714.41,301
-522.76,715.06,297.99
-524.21,715.73,294.99
-525.64,716.41,291.98
-527.07,717.11,288.98
-528.5,717.82,285.97
-529.92,718.54,282.97
-531.35,719.26,279.97
-532.79,719.98,276.98
-534.24,720.69,273.99
-535.73,721.37,271.01
-537.25,722.03,268.04
-538.78,722.69,265.07
-540.31,723.35,262.11
-541.84,724.01,259.15
-543.37,724.69,256.19
-544.88,725.38,253.22
-546.38,726.1,250.25
-547.85,726.84,247.28
-549.31,727.6,244.3
-550.74,728.39,241.32
-552.14,729.21,238.33
-553.51,730.05,235.34
-554.86,730.93,232.34
-556.16,731.84,229.34
-557.43,732.78,226.33
-558.65,733.76,223.31
-559.83,734.78,220.29
-560.95,735.85,217.26
-562.03,736.96,214.23
-563.05,738.12,211.2
-564.01,739.32,208.17
-564.91,740.57,205.14
-565.74,741.89,202.12
-566.5,743.26,199.1
-567.17,744.69,196.09
-567.75,746.2,193.1
-568.23,747.78,190.13
-568.58,749.46,187.2
-568.82,751.22,184.3
-568.96,753.05,181.43
-569.01,754.92,178.6
-568.99,756.84,175.79
-568.89,758.79,173.01
-568.72,760.78,170.26
-568.48,762.8,167.53
-568.19,764.84,164.83
-567.83,766.9,162.14
-567.41,768.97,159.48
-566.93,771.07,156.85
-566.39,773.17,154.23
-565.81,775.29,151.64
-565.17,777.41,149.06
-564.48,779.53,146.49
-563.76,781.65,143.94
-562.99,783.78,141.4
-562.17,785.9,138.87
-561.31,788.02,136.35
-560.41,790.14,133.85
-559.46,792.25,131.36
-558.47,794.36,128.89
-557.44,796.47,126.42
-556.37,798.56,123.97
-555.27,800.65,121.52
-554.12,802.72,119.08
-552.95,804.78,116.65
-551.74,806.83,114.22
-550.5,808.87,111.79
-549.24,810.88,109.36
-547.96,812.88,106.93
-546.65,814.86,104.5
-545.3,816.82,102.06
-543.93,818.75,99.624
-542.52,820.66,97.186
-541.09,822.54,94.745
-539.61,824.39,92.3
-538.11,826.2,89.851
-536.58,827.99,87.399
-535.01,829.74,84.943
-533.41,831.46,82.484
-531.78,833.14,80.021
-530.11,834.79,77.556
-528.41,836.41,75.093
-526.68,837.99,72.635
-524.91,839.53,70.173
-523.12,841.03,67.705
-521.3,842.48,65.227
-519.45,843.87,62.735
-517.58,845.2,60.23
-515.68,846.48,57.712
-513.76,847.69,55.181
-511.83,848.84,52.632
-509.88,849.91,50.06
-507.91,850.89,47.466
-505.94,851.79,44.845
-503.96,852.58,42.193
-502,853.25,39.502
-500.05,853.75,36.758
-498.13,854.12,33.98
-496.21,854.36,31.184
-494.29,854.49,28.381
-492.37,854.54,25.577
-490.44,854.5,22.778
-488.49,854.39,19.992
-486.53,854.22,17.221
-484.55,853.99,14.467
-482.55,853.69,11.732
-480.53,853.35,9.0181
-478.49,852.96,6.3286
-476.42,852.52,3.6656
-474.32,852.06,1.0312
-472.19,851.56,-1.571
-470.03,851.04,-4.1381
-467.82,850.5,-6.6671
-465.57,849.95,-9.1557
-463.27,849.39,-11.603
-460.94,848.82,-14.006
-458.55,848.26,-16.359
-456.1,847.72,-18.657
-453.59,847.2,-20.894
-451.02,846.73,-23.06
-448.36,846.32,-25.144
-445.61,846.02,-27.123
-442.79,845.81,-29.008
-439.91,845.64,-30.811
-436.99,845.52,-32.541
-434.03,845.43,-34.202
-431.02,845.35,-35.796
-427.99,845.29,-37.33
-424.93,845.23,-38.809
-421.84,845.16,-40.233
-418.73,845.1,-41.604
-415.6,845.03,-42.922
-412.44,844.96,-44.191
-409.27,844.87,-45.414
-406.09,844.77,-46.599
-402.89,844.65,-47.747
-399.68,844.51,-48.856
-396.46,844.33,-49.927
-393.22,844.13,-50.958
-389.98,843.88,-51.953
-386.73,843.6,-52.91
-383.47,843.28,-53.83
-380.21,842.92,-54.716
-376.95,842.49,-55.569
-373.69,842,-56.392
-370.43,841.43,-57.187
-367.19,840.76,-57.954
-363.96,839.97,-58.698
-360.77,839.05,-59.421
-357.6,838.03,-60.123
-354.46,836.94,-60.801
-351.32,835.8,-61.457
-348.21,834.6,-62.09
-345.1,833.36,-62.702
-342,832.09,-63.292
-338.91,830.79,-63.861
-335.82,829.48,-64.411
-332.74,828.14,-64.943
-329.66,826.8,-65.456
-326.59,825.43,-65.953
-323.51,824.07,-66.435
-320.43,822.7,-66.902
-317.35,821.34,-67.356
-314.26,819.99,-67.798
-311.17,818.65,-68.227
-308.07,817.32,-68.644
-304.95,816.01,-69.05
-301.83,814.73,-69.445
-298.69,813.48,-69.831
-295.55,812.25,-70.207
-292.39,811.05,-70.576
-289.21,809.89,-70.935
-286.01,808.79,-71.286
-282.79,807.74,-71.629
-279.56,806.76,-71.962
-276.29,805.87,-72.285
-273,805.09,-72.594
-269.68,804.41,-72.89
-266.34,803.82,-73.179
-262.99,803.31,-73.463
-259.64,802.85,-73.746
-256.27,802.46,-74.029
-252.9,802.12,-74.315
-249.52,801.83,-74.604
-246.15,801.58,-74.901
-242.77,801.37,-75.206
-239.39,801.2,-75.521
-236,801.07,-75.846
-232.62,800.98,-76.185
-229.24,800.93,-76.538
-225.86,800.91,-76.908
-222.48,800.91,-77.297
-219.11,800.93,-77.71
-215.74,800.98,-78.145
-212.37,801.04,-78.602
-209,801.14,-79.083
-205.64,801.26,-79.587
-202.29,801.4,-80.115
-198.94,801.57,-80.669
-195.59,801.76,-81.249
-192.26,801.98,-81.858
-188.92,802.22,-82.494
-185.6,802.48,-83.159
-182.28,802.76,-83.854
-178.98,803.06,-84.578
-175.67,803.38,-85.332
-172.38,803.71,-86.114
-169.1,804.05,-86.923
-165.82,804.4,-87.76
-162.56,804.77,-88.632
-159.3,805.15,-89.545
-156.07,805.55,-90.502
-152.84,805.96,-91.509
-149.64,806.38,-92.565
-146.46,806.82,-93.677
-143.3,807.27,-94.848
-140.16,807.74,-96.078
-137.05,808.21,-97.368
-133.97,808.7,-98.72
-130.92,809.2,-100.13
-127.9,809.7,-101.61
-124.91,810.22,-103.15
-121.96,810.74,-104.75
-119.04,811.27,-106.41
-116.17,811.8,-108.15
-113.34,812.34,-109.97
-110.58,812.89,-111.87
-107.87,813.44,-113.85
-105.22,813.99,-115.91
-102.64,814.55,-118.06
-100.14,815.1,-120.29
-97.722,815.66,-122.61
-95.398,816.21,-125.03
-93.176,816.76,-127.54
-91.074,817.3,-130.16
-89.11,817.84,-132.88
-87.317,818.37,-135.72
-85.677,818.89,-138.65
-84.167,819.4,-141.66
-82.778,819.89,-144.72
-81.498,820.37,-147.83
-80.323,820.84,-150.99
-79.251,821.29,-154.18
-78.274,821.73,-157.41
-77.384,822.14,-160.67
-76.576,822.54,-163.94
-75.851,822.92,-167.24
-75.206,823.28,-170.56
-74.641,823.61,-173.9
-74.15,823.93,-177.25
-73.728,824.22,-180.61
-73.37,824.49,-183.98
-73.066,824.73,-187.36
-72.813,824.95,-190.74
-72.615,825.14,-194.13
-72.47,825.31,-197.52
-72.378,825.45,-200.92
-72.337,825.57,-204.32
-72.346,825.66,-207.71
-72.402,825.72,-211.11
-72.506,825.76,-214.51
-72.655,825.77,-217.91
-72.845,825.75,-221.3
-73.072,825.71,-224.7
-73.333,825.64,-228.08
-73.625,825.54,-231.47
-73.944,825.42,-234.85
-74.286,825.28,-238.23
-74.645,825.12,-241.61
-75.016,824.94,-244.99
-75.405,824.73,-248.36
-75.814,824.5,-251.72
-76.241,824.22,-255.09
-76.688,823.91,-258.44
-77.153,823.56,-261.79
-77.634,823.16,-265.13
-78.132,822.72,-268.47
-78.645,822.23,-271.79
-79.172,821.69,-275.11
-79.711,821.1,-278.41
-80.261,820.45,-281.7
-80.823,819.76,-284.99
-81.395,819.02,-288.25
-81.98,818.22,-291.51
-82.579,817.38,-294.75
-83.185,816.48,-297.97
-83.793,815.51,-301.17
-84.399,814.48,-304.35
-84.998,813.38,-307.51
-85.589,812.21,-310.65
-86.168,810.97,-313.76
-86.735,809.65,-316.85
-87.285,808.26,-319.9
-87.812,806.79,-322.92
-88.309,805.22,-325.89
-88.776,803.57,-328.83
-89.202,801.82,-331.71
-89.58,799.97,-334.54
-89.894,797.99,-337.29
-90.135,795.89,-339.95
-90.32,793.7,-342.54
-90.459,791.43,-345.07
-90.559,789.09,-347.53
-90.625,786.68,-349.94
-90.659,784.23,-352.28
-90.662,781.72,-354.58
-90.64,779.16,-356.82
-90.597,776.56,-359.01
-90.535,773.93,-361.16
-90.453,771.26,-363.26
-90.35,768.55,-365.32
-90.229,765.81,-367.33
-90.089,763.04,-369.3
-89.934,760.25,-371.23
-89.764,757.43,-373.12
-89.582,754.59,-374.98
-89.39,751.73,-376.82
-89.189,748.86,-378.62
-88.978,745.97,-380.4
-88.759,743.06,-382.14
-88.534,740.13,-383.86
-88.302,737.2,-385.56
-88.066,734.24,-387.23
-87.824,731.28,-388.88
-87.576,728.3,-390.5
-87.324,725.32,-392.1
-87.072,722.32,-393.69
-86.823,719.31,-395.26
-86.579,716.3,-396.82
-86.341,713.29,-398.38
-86.115,710.27,-399.92
-85.906,707.25,-401.47
-85.722,704.23,-403.02
-85.577,701.22,-404.59
-85.459,698.21,-406.17
-85.356,695.2,-407.75
-85.261,692.19,-409.33
-85.17,689.18,-410.9
-85.08,686.17,-412.48
-84.987,683.16,-414.06
-84.884,680.14,-415.63
-84.771,677.13,-417.2
-84.645,674.12,-418.77
-84.506,671.1,-420.33
-84.35,668.09,-421.9
-84.174,665.07,-423.46
-83.973,662.06,-425.03
-83.741,659.05,-426.58
-83.477,656.03,-428.13
-83.183,653.02,-429.68
-82.861,650.01,-431.24
-82.512,647.01,-432.79
-82.134,644.01,-434.36
-81.727,641.02,-435.92
-81.289,638.04,-437.5
-80.819,635.07,-439.08
-80.32,632.11,-440.67
-79.789,629.16,-442.28
-79.226,626.22,-443.9
-78.631,623.3,-445.53
-78.007,620.4,-447.18
-77.356,617.51,-448.86
-76.684,614.64,-450.56
-75.981,611.8,-452.28
-75.24,608.97,-454.02
-74.458,606.17,-455.78
-73.63,603.39,-457.55
-72.754,600.63,-459.33
-71.825,597.89,-461.12
-70.838,595.18,-462.92
-69.792,592.49,-464.72
-68.686,589.84,-466.53
-67.52,587.21,-468.35
-66.292,584.61,-470.17
-65,582.05,-471.99
-63.646,579.52,-473.82
-62.23,577.03,-475.65
-60.749,574.58,-477.48
-59.196,572.17,-479.31
-57.566,569.81,-481.13
-55.855,567.49,-482.94
-54.06,565.23,-484.74
-52.182,563.03,-486.52
-50.22,560.88,-488.28
-48.175,558.79,-490.02
-46.036,556.78,-491.73
-43.802,554.84,-493.4
-41.472,552.97,-495.03
-39.04,551.2,-496.61
-36.5,549.51,-498.11
-33.842,547.94,-499.53
-31.057,546.49,-500.84
-28.173,545.16,-502.05
-25.209,543.95,-503.19
-22.177,542.85,-504.27
-19.088,541.86,-505.29
-15.948,540.99,-506.25
-12.767,540.22,-507.18
-9.5528,539.56,-508.07
-6.3087,539.01,-508.92
-3.0398,538.56,-509.74
0.24946,538.23,-510.54
3.5538,537.99,-511.3
6.8682,537.86,-512.05
10.188,537.81,-512.78
13.51,537.86,-513.5
16.831,538,-514.22
20.147,538.24,-514.92
23.454,538.59,-515.63
26.748,539.05,-516.34
30.025,539.61,-517.05
33.282,540.28,-517.76
36.514,541.06,-518.47
39.713,541.95,-519.2
42.874,542.95,-519.95
45.99,544.07,-520.72
49.052,545.31,-521.53
52.047,546.68,-522.37
54.955,548.19,-523.27
57.775,549.84,-524.22
60.517,551.59,-525.21
63.184,553.43,-526.22
65.784,555.36,-527.27
68.314,557.37,-528.33
70.779,559.44,-529.42
73.183,561.58,-530.52
75.53,563.77,-531.65
77.82,566.01,-532.78
80.053,568.3,-533.94
82.23,570.63,-535.11
84.356,573.01,-536.29
86.433,575.42,-537.48
88.467,577.87,-538.68
90.464,580.34,-539.88
92.424,582.85,-541.09
94.345,585.37,-542.31
96.229,587.92,-543.55
98.078,590.47,-544.81
99.892,593.05,-546.1
101.67,595.63,-547.41
103.42,598.22,-548.75
105.14,600.81,-550.12
106.83,603.4,-551.53
108.5,605.98,-552.98
110.15,608.55,-554.48
111.78,611.1,-556.02
113.4,613.63,-557.63
115,616.1,-559.33
116.6,618.51,-561.11
118.18,620.89,-562.96
119.75,623.22,-564.86
121.32,625.53,-566.81
122.87,627.82,-568.79
124.41,630.09,-570.8
125.95,632.34,-572.83
127.48,634.58,-574.88
129.01,636.81,-576.94
130.54,639.03,-579.01
132.07,641.24,-581.09
133.59,643.44,-583.19
135.13,645.64,-585.28
136.66,647.83,-587.38
138.2,650.03,-589.47
139.74,652.22,-591.55
141.3,654.42,-593.63
142.87,656.62,-595.69
144.45,658.82,-597.74
146.06,661.03,-599.77
147.68,663.24,-601.78
149.33,665.45,-603.77
151,667.66,-605.74
152.7,669.88,-607.67
154.43,672.11,-609.57
156.19,674.36,-611.42
157.99,676.61,-613.22
159.83,678.89,-614.95
161.71,681.19,-616.61
163.64,683.51,-618.17
165.6,685.85,-619.65
167.61,688.2,-621.07
169.65,690.55,-622.44
171.72,692.91,-623.76
173.83,695.25,-625.02
175.97,697.6,-626.24
178.15,699.93,-627.42
180.36,702.24,-628.57
182.6,704.55,-629.67
184.87,706.84,-630.73
187.18,709.12,-631.76
189.52,711.38,-632.76
191.89,713.62,-633.72
194.29,715.84,-634.65
196.71,718.04,-635.57
199.16,720.23,-636.46
201.64,722.38,-637.32
204.17,724.5,-638.15
206.73,726.59,-638.95
209.33,728.64,-639.72
211.97,730.65,-640.46
214.64,732.63,-641.17
217.36,734.56,-641.84
220.12,736.43,-642.49
222.93,738.25,-643.1
225.78,740,-643.69
228.69,741.68,-644.24
231.64,743.28,-644.76
234.66,744.77,-645.24
237.74,746.13,-645.69
240.87,747.41,-646.11
244.03,748.6,-646.49
247.22,749.72,-646.85
250.43,750.78,-647.19
253.66,751.78,-647.5
256.92,752.73,-647.78
260.18,753.63,-648.04
263.46,754.5,-648.29
266.75,755.33,-648.51
270.05,756.12,-648.71
273.36,756.88,-648.9
276.68,757.61,-649.07
280,758.32,-649.22
283.33,759.01,-649.35
286.65,759.7,-649.47
289.98,760.37,-649.57
293.32,761.05,-649.65
296.65,761.71,-649.73
299.99,762.37,-649.8
303.32,763.02,-649.86
306.66,763.66,-649.92
310,764.3,-649.97
313.34,764.94,-650.02
316.68,765.58,-650.07
320.01,766.22,-650.12
323.35,766.87,-650.18
326.69,767.52,-650.24
330.02,768.18,-650.32
333.35,768.86,-650.41
336.68,769.54,-650.52
340.01,770.23,-650.68
343.33,770.94,-650.87
346.64,771.67,-651.08
349.95,772.43,-651.32
353.25,773.22,-651.56
356.54,774.04,-651.81
359.81,774.9,-652.07
363.08,775.81,-652.32
366.33,776.77,-652.58
369.57,777.78,-652.83
372.79,778.83,-653.07
376,779.94,-653.31
379.18,781.11,-653.53
382.35,782.32,-653.74
385.51,783.57,-653.93
388.64,784.88,-654.09
391.75,786.26,-654.24
394.82,787.71,-654.37
397.85,789.25,-654.48
400.83,790.88,-654.57
403.76,792.61,-654.64
406.63,794.42,-654.7
409.44,796.34,-654.73
412.16,798.38,-654.75
414.78,800.54,-654.75
417.3,802.83,-654.72
419.67,805.26,-654.68
421.87,807.85,-654.63
423.83,810.63,-654.57
425.58,813.54,-654.49
427.16,816.55,-654.39
428.6,819.63,-654.27
429.9,822.77,-654.11
431.07,825.95,-653.92
432.14,829.17,-653.69
433.13,832.41,-653.42
434.03,835.68,-653.11
434.84,838.96,-652.75
435.59,842.25,-652.35
436.26,845.56,-651.91
436.89,848.86,-651.43
437.47,852.17,-650.92
438.03,855.48,-650.37
438.56,858.79,-649.77
439.07,862.08,-649.12
439.56,865.37,-648.39
440.04,868.64,-647.59
440.51,871.89,-646.7
440.98,875.11,-645.74
441.44,878.32,-644.7
441.92,881.48,-643.56
442.42,884.6,-642.3
442.95,887.66,-640.92
443.53,890.65,-639.41
444.17,893.54,-637.74
444.89,896.29,-635.87
445.7,898.86,-633.8
446.58,901.3,-631.6
447.51,903.62,-629.29
448.48,905.84,-626.91
449.5,907.97,-624.46
450.55,910.01,-621.95
451.64,911.99,-619.42
452.76,913.92,-616.85
453.92,915.8,-614.27
455.11,917.64,-611.66
456.34,919.42,-609.05
457.61,921.18,-606.42
458.91,922.9,-603.8
460.23,924.62,-601.18
461.58,926.32,-598.56
462.97,928.03,-595.97
464.4,929.73,-593.4
465.88,931.45,-590.86
467.41,933.18,-588.37
468.99,934.92,-585.92
470.63,936.68,-583.52
472.33,938.46,-581.17
474.1,940.28,-578.9
475.93,942.14,-576.72
477.82,944.05,-574.64
479.79,946.02,-572.7
481.82,948.07,-570.9
483.93,950.21,-569.31
486.1,952.45,-567.95
488.32,954.74,-566.78
490.57,957.08,-565.76
492.86,959.44,-564.89
495.17,961.82,-564.14
497.5,964.21,-563.51
499.86,966.6,-563
502.24,969,-562.58
504.63,971.39,-562.26
507.04,973.77,-562.02
509.47,976.15,-561.88
511.91,978.52,-561.82
514.37,980.87,-561.84
516.84,983.2,-561.94
519.33,985.51,-562.1
521.84,987.8,-562.31
524.36,990.06,-562.57
526.9,992.3,-562.89
529.45,994.51,-563.26
532.01,996.71,-563.68
534.58,998.89,-564.17
537.16,1001,-564.7
539.74,1003.2,-565.29
542.33,1005.3,-565.93
544.93,1007.4,-566.62
547.53,1009.4,-567.35
550.13,1011.5,-568.12
552.74,1013.5,-568.93
555.35,1015.5,-569.76
557.97,1017.5,-570.62
560.58,1019.5,-571.5
563.18,1021.5,-572.39
565.79,1023.5,-573.31
568.41,1025.4,-574.25
571.04,1027.3,-575.24
573.68,1029.2,-576.27
576.35,1031,-577.33
579.04,1032.8,-578.44
581.75,1034.5,-579.59
584.48,1036.1,-580.78
587.23,1037.7,-582.01
590,1039.2,-583.28
592.79,1040.6,-584.6
595.59,1042,-585.97
598.42,1043.3,-587.37
601.27,1044.4,-588.81
604.15,1045.5,-590.28
607.05,1046.4,-591.77
609.98,1047.3,-593.28
612.93,1048,-594.81
615.91,1048.6,-596.34
618.92,1049,-597.86
621.96,1049.2,-599.38
625.01,1049.3,-600.86
628.1,1049.1,-602.28
631.19,1048.8,-603.65
634.28,1048.3,-604.98
637.37,1047.7,-606.29
640.44,1047.1,-607.57
643.49,1046.3,-608.85
646.52,1045.4,-610.11
649.53,1044.4,-611.36
652.52,1043.4,-612.61
655.48,1042.3,-613.87
658.42,1041.1,-615.12
661.33,1039.9,-616.39
664.21,1038.6,-617.65
667.06,1037.3,-618.93
669.89,1035.9,-620.21
672.68,1034.4,-621.51
675.44,1033,-622.82
678.18,1031.4,-624.15
680.89,1029.9,-625.5
683.56,1028.3,-626.87
686.21,1026.7,-628.28
688.82,1025.1,-629.71
691.4,1023.4,-631.17
693.95,1021.7,-632.67
696.47,1020,-634.2
698.95,1018.3,-635.76
701.41,1016.6,-637.36
703.82,1014.8,-639.01
706.21,1013.1,-640.72
708.56,1011.4,-642.47
710.88,1009.7,-644.29
713.16,1008,-646.18
715.4,1006.4,-648.14
717.61,1004.8,-650.21
719.77,1003.4,-652.37
721.89,1001.9,-654.59
723.96,1000.5,-656.88
726,999.09,-659.23
727.99,997.72,-661.62
729.93,996.36,-664.06
731.83,995.03,-666.54
733.69,993.69,-669.05
735.51,992.37,-671.6
737.29,991.05,-674.18
739.02,989.73,-676.79
740.71,988.42,-679.44
742.35,987.11,-682.11
743.95,985.79,-684.81
745.5,984.48,-687.53
746.99,983.14,-690.28
748.44,981.79,-693.05
749.83,980.44,-695.83
751.19,979.07,-698.64
752.51,977.69,-701.45
753.79,976.31,-704.28
755.03,974.92,-707.13
756.24,973.53,-709.98
757.41,972.12,-712.85
758.54,970.71,-715.72
759.65,969.29,-718.61
760.74,967.86,-721.5
761.8,966.42,-724.39
762.85,964.97,-727.28
763.9,963.5,-730.16
764.94,962.02,-733.04
766.01,960.52,-735.89
767.14,959,-738.72
768.27,957.47,-741.53
769.4,955.91,-744.34
770.51,954.33,-747.14
771.59,952.74,-749.94
772.62,951.12,-752.75
773.6,949.49,-755.56
774.52,947.83,-758.39
775.36,946.15,-761.22
776.12,944.46,-764.07
776.81,942.75,-766.93
777.41,941.02,-769.79
777.93,939.27,-772.66
778.35,937.52,-775.54
778.67,935.76,-778.43
778.88,933.99,-781.33
778.97,932.22,-784.23
778.93,930.44,-787.13
778.76,928.66,-790.02
778.43,926.87,-792.89
777.97,925.08,-795.74
777.34,923.29,-798.57
776.57,921.51,-801.36
775.63,919.74,-804.1
774.51,917.98,-806.79
773.2,916.24,-809.4
771.7,914.53,-811.92
769.99,912.85,-814.34
768.06,911.23,-816.61
765.87,909.67,-818.69
763.43,908.2,-820.55
760.8,906.83,-822.2
758.01,905.55,-823.68
755.09,904.39,-824.97
752.06,903.33,-826.08
748.93,902.39,-827.03
745.73,901.56,-827.82
742.47,900.85,-828.45
739.16,900.25,-828.93
735.81,899.77,-829.25
732.43,899.4,-829.44
729.04,899.12,-829.48
725.65,898.95,-829.41
722.26,898.88,-829.21
718.87,898.92,-828.9
715.5,899.09,-828.48
712.16,899.39,-827.97
708.84,899.81,-827.35
705.56,900.36,-826.63
702.32,901.03,-825.84
699.14,901.85,-824.98
696.01,902.81,-824.06
692.94,903.93,-823.11
689.95,905.21,-822.14
687.04,906.69,-821.2
684.21,908.35,-820.28
681.48,910.15,-819.37
678.83,912.06,-818.43
676.27,914.08,-817.46
673.8,916.18,-816.44
671.42,918.36,-815.38
669.12,920.6,-814.25
666.9,922.89,-813.06
664.77,925.22,-811.81
662.72,927.59,-810.5
660.75,930,-809.12
658.87,932.43,-807.66
657.06,934.87,-806.14
655.32,937.31,-804.55
653.65,939.76,-802.87
652.06,942.2,-801.11
650.55,944.61,-799.26
649.11,947.01,-797.32
647.74,949.37,-795.29
646.45,951.69,-793.17
645.23,953.97,-790.96
644.09,956.19,-788.65
643.02,958.32,-786.23
642.03,960.37,-783.71
641.11,962.3,-781.06
640.28,964.09,-778.3
639.54,965.67,-775.38
638.89,967.04,-772.34
638.34,968.23,-769.2
637.87,969.26,-765.99
637.47,970.15,-762.74
637.15,970.92,-759.44
636.89,971.56,-756.11
636.69,972.11,-752.76
636.55,972.56,-749.4
636.45,972.9,-746.02
636.41,973.16,-742.63
636.4,973.33,-739.23
636.44,973.43,-735.83
636.52,973.48,-732.43
636.62,973.46,-729.04
636.75,973.39,-725.64
636.89,973.26,-722.24
637.03,973.09,-718.85
637.18,972.86,-715.46
637.33,972.58,-712.08
637.47,972.25,-708.7
637.59,971.9,-705.32
637.68,971.52,-701.94
637.73,971.12,-698.56
637.73,970.72,-695.19
637.65,970.34,-691.81
637.48,970,-688.43
637.24,969.66,-685.06
636.94,969.32,-681.69
636.6,968.97,-678.32
636.22,968.6,-674.96
635.8,968.21,-671.61
635.35,967.79,-668.27
634.88,967.33,-664.93
634.37,966.85,-661.61
633.84,966.33,-658.29
633.28,965.78,-654.98
632.69,965.19,-651.68
632.08,964.56,-648.4
631.44,963.88,-645.13
630.79,963.15,-641.87
630.11,962.38,-638.63
629.42,961.57,-635.4
628.71,960.71,-632.19
627.99,959.8,-628.99
627.24,958.86,-625.81
626.49,957.86,-622.65
625.72,956.82,-619.51
624.96,955.74,-616.38
624.19,954.6,-613.27
623.44,953.41,-610.17
622.72,952.17,-607.09
622.06,950.87,-604.02
621.43,949.5,-600.97
620.8,948.08,-597.95
620.17,946.59,-594.95
619.51,945.05,-591.99
618.83,943.46,-589.07
618.09,941.81,-586.19
617.3,940.11,-583.35
616.46,938.36,-580.57
615.55,936.55,-577.83
614.58,934.7,-575.14
613.54,932.81,-572.52
612.43,930.88,-569.95
611.23,928.91,-567.45
609.93,926.9,-565.04
608.53,924.86,-562.71
607.02,922.78,-560.49
605.4,920.66,-558.37
603.67,918.53,-556.37
601.81,916.37,-554.52
599.81,914.21,-552.81
597.68,912.05,-551.29
595.39,909.91,-549.97
592.94,907.8,-548.92
590.37,905.74,-548.07
587.71,903.73,-547.4
584.99,901.76,-546.89
582.22,899.83,-546.51
579.4,897.95,-546.27
576.54,896.11,-546.15
573.65,894.32,-546.15
570.73,892.58,-546.25
567.79,890.87,-546.44
564.84,889.22,-546.74
561.87,887.6,-547.13
558.89,886.04,-547.6
555.91,884.51,-548.17
552.92,883.03,-548.8
549.92,881.58,-549.51
546.93,880.16,-550.28
543.94,878.78,-551.11
540.94,877.43,-552
537.94,876.13,-552.93
534.94,874.87,-553.92
531.94,873.65,-554.94
528.94,872.47,-556.01
525.93,871.32,-557.12
522.93,870.22,-558.26
519.91,869.16,-559.42
516.89,868.13,-560.59
513.86,867.14,-561.76
510.81,866.19,-562.93
507.74,865.27,-564.08
504.65,864.38,-565.16
501.52,863.52,-566.2
498.38,862.7,-567.2
495.23,861.9,-568.2
492.07,861.13,-569.19
488.9,860.39,-570.18
485.74,859.67,-571.19
482.57,858.98,-572.2
479.4,858.32,-573.25
476.24,857.67,-574.32
473.08,857.05,-575.41
469.93,856.45,-576.54
466.78,855.87,-577.69
463.64,855.31,-578.87
460.51,854.76,-580.09
457.4,854.23,-581.34
454.29,853.72,-582.62
451.2,853.21,-583.95
448.13,852.72,-585.33
445.08,852.24,-586.74
442.05,851.78,-588.21
439.04,851.33,-589.73
436.05,850.9,-591.3
433.1,850.48,-592.92
430.16,850.07,-594.59
427.26,849.67,-596.32
424.39,849.28,-598.1
421.57,848.91,-599.96
418.79,848.55,-601.88
416.06,848.21,-603.88
413.4,847.89,-605.97
410.8,847.59,-608.15
408.32,847.32,-610.45
405.94,847.09,-612.87
403.65,846.87,-615.38
401.44,846.66,-617.95
399.31,846.45,-620.59
397.24,846.25,-623.28
395.23,846.03,-626.01
393.27,845.81,-628.78
391.35,845.56,-631.58
389.48,845.3,-634.4
387.65,845.02,-637.25
385.85,844.71,-640.13
384.09,844.38,-643.01
382.34,844.01,-645.91
380.6,843.61,-648.8
378.88,843.17,-651.7
377.17,842.69,-654.6
375.47,842.16,-657.5
373.79,841.57,-660.39
372.12,840.93,-663.28
370.46,840.23,-666.17
368.81,839.46,-669.04
367.17,838.63,-671.9
365.53,837.72,-674.74
363.9,836.73,-677.55
362.28,835.65,-680.34
360.66,834.48,-683.08
