1
1
0
0
36.532
34.678
30.004
46.05
62.966
61.626
47.197
66.197
49.945
29.272
104.16
66.335
61.629
66.193
59.473
66.206
92.092
70.536
35.809
89.672
99.486
62.101
126.35
37.796
46.987
120.13
88.137
60.646
162.72
131.33
138.06
121.56
64.655
139.71
132.35
133.46
132.76
205.77
97.641
122.52
78.225
98.089
154.61
90.303
172.76
189.75
105.06
99.297
123.86
200.36
180.15
91.821
162.38
141.43
168.28
217.81
168.28
148.82
156.1
236.37
163.21
189.18
248.46
193.24
215.62
255.09
173.21
213.5
190.94
193.95
135.07
188.07
254.03
177.34
201.75
301.92
215.4
152.2
115.44
115.75
243.97
320.29
196.02
311.43
204.88
211.83
255.19
251.09
244.56
256.85
340.96
230.34
314.7
236.48
256.68
262.56
276.21
181.85
367.22
381.29
239.73
305.45
192.77
205.52
253.11
320.65
309.61
330.3
253.52
322.47
412.43
321.65
408.68
238.44
197.36
284.44
377.9
256.96
197.67
367.09
270.96
306.73
362.09
275.73
439.79
338.31
273.33
294.55
364.38
319.58
286.84
425.7
236.91
393.12
318.76
353.4
441.83
351.62
383.8
345.35
460.66
414.39
373.69
384.82
446.81
474.4
332.95
484.28
307.67
434.68
463.81
389.33
448.39
458.47
343.16
459.87
539.02
331.25
424.63
394.45
336.57
523.14
368.6
452.49
296.93
461.63
386.95
396.55
364.92
550.2
527.2
501.01
409.92
435.95
417.26
506.31
421.87
477.33
485.42
555.67
452.37
516.72
511.43
503.93
527.43
564.37
366.37
408.9
586.1
394.68
602.58
510.66
596.46
565.41
515.23
628.37
573.5
518.33
579.92
567.71
450.03
489.93
619.95
572.65
476.96
667.4
608.34
574.16
544.22
636.52
564.97
638.09
550.33
433.38
619.42
728.72
673.96
671.9
459.55
557.88
670.43
426.1
658.78
500.58
496.06
617.02
637.64
738.92
583.9
632.06
595.17
538.7
538.99
595.55
592.54
620.88
621.73
688.14
614.91
673.97
700.77
541.93
674.16
517.87
604.6
648.8
804.87
790.93
561.54
790.93
482
727.87
804.08
702.6
586.47
729.61
748.47
578.91
663.28
551.12
681.36
521.75
690.93
709.32
721.53
734.69
711.18
689.2
715.14
868.79
785.26
782.15
629.07
856.47
590.97
613.31
782.93
613.58
636.05
764.55
636.14
813.63
837.6
649.9
621.87
672.33
815.75
604.84
751.82
759.17
936.38
697.63
679.87
846.74
860.61
826.91
899.52
653.46
780.21
928.22
750.33
798.5
758.64
762.76
925.79
774.56
889.05
828.23
651.39
807.38
974.81
812.03
831.5
820.43
1006.5
813.56
813.17
918.4
806.74
734.28
889.68
727.98
820.5
923.92
973.25
906.98
844.59
702.88
851.14
1074.5
768.98
804.48
676.39
1023.1
878.78
877.91
980.92
901.4
971.66
880.21
853.98
712.34
848.06
789.91
905.47
909.82
928.8
1090.6
984.88
841.73
767.04
1142.3
777.5
969.5
953.37
965.59
800.68
858.04
734.94
1032.7
904.03
915.17
913.31
965.83
835.44
1153.4
954.89
1011.3
1034.9
957.18
867.79
797.37
1045.9
928.5
966.03
925.16
1034
1199.9
908.56
997.35
1007
1028.5
1017.2
1101.3
1030.3
936.28
1216.7
1100.5
896.71
896.03
976.89
1036.9
1062.5
1073
1270
1216.9
925.66
963.39
972.8
1106.5
1100.8
833.5
1099.3
1053.8
1041.1
971.19
1335.3
1128.9
1145.1
1051.9
1081.3
1158.1
1164.3
1397.3
1140.2
1082
952.23
1170.1
1192.3
1235.2
1020.7
984.87
1253.9
1028.5
1213.7
897.61
1459.9
1254
1019.8
1016
1086.2
1253.8
1226
1038
1201
1103.1
1212.3
1111.5
997.23
1260.7
1322.3
1103.8
1151.3
960.72
1283.5
1507.3
1177.1
1081.2
1131.4
1132.7
1313.7
1261.9
1124.8
1322.7
1081.8
1205.5
1007
1566.1
1190.5
1258.9
1135.6
1081.9
1078.9
1371.4
1167.9
1316.9
1193.3
1379.6
1330.7
1179
1184.3
1247.5
1185.2
1217.6
1226.7
1383.3
1268.8
1191.2
1628.7
1377.1
1129.5
1393.5
1212.2
1124.8
1279.2
1271.6
1225.6
1445.6
1306.8
1429.3
1321.3
1056.9
1140.7
1438.1
1163.7
1416.4
1312.5
1061.8
1492.6
1274.8
1256.5
1347.1
1298
1305.5
1299.4
1431.4
1329.9
1101.5
1459
1691.1
1481.5
1180.7
1200.4
1251.3
1353.1
1412.1
1492.4
1187.9
1459.9
1504.4
1369.1
1504.1
1383.1
1520.5
1231.8
1344.2
1745.6
1228.7
1349.9
1129.8
1472.9
1388.9
1312.8
1396.4
1376.7
1161.6
1503.7
1251.6
1274.2
1539.5
1439.9
1515.5
1173.9
1313.4
1551.1
1419.4
1514.6
1571.9
1811.7
1442.2
1317.3
1405.7
1586.5
1378.2
1323
1534.3
1596.2
1484.5
1510.1
1446.8
1379
1880
1616.8
1625.9
1266.7
1504.7
1576.5
1412.8
1202.6
1593.8
1459.2
1659
1459.3
1517.3
1628.3
1353.5
1564.6
1423.2
1384
1605.1
1586.7
1576.3
1919.9
1218.5
1474.3
1218.5
1419.7
1694.2
1338
1422.3
1510.8
1266.6
1679.9
1720.1
1530.1
1539.1
1437
1547
1570.8
1510.5
1368.8
1989.2
1511.3
1221.1
1733.1
1687.1
1487.1
1330.6
1989.5
1712.4
1785.9
1725.7
1634.2
1547
1606.9
1407.4
1634.6
1850.4
1706.3
1616.1
1792.9
1437.7
1701.7
1671.2
1253.7
1368.4
1687.5
1569.1
1660.8
1492.9
1848
1519.3
1907
1554.2
1487.6
1385.7
1633.1
1768.5
1588.9
1459.9
1608.2
1422.5
1762.1
1629.5
2037.1
1768.5
1455
1601.8
1953.4
1953.5
1552.9
1734.2
1699.2
1529.4
1834.2
1318.8
1764.3
1725.2
1693
1725.9
1662
2011.2
1727.4
1915.5
2067.3
1735.8
1933.7
1795
1520.1
1583.5
1596
1827
1384.3
2066.7
1980.5
1899.6
1664.8
1614
1865.1
1620
1534.9
1629.2
1585.7
1934.4
1781.2
1659.6
1786.6
1814.2
1692.7
2123.5
1932.6
1717.2
1449.6
1647.9
1672.8
2110.1
1894.4
1993.6
1853
1815.8
1876
1797.1
1952.4
2175.9
1677.4
2176.7
1604.4
1676.2
1725.3
1687.1
1887.5
1871.1
2066.8
2017.9
1616.5
1706.8
1957.7
1692.7
1828.6
2177.2
1937.9
1738.2
1985.3
1860.3
1494.1
2245
1682.9
2016.2
1992.3
2029.5
2049.7
1769.5
1900.9
1941.8
1956.8
1554.9
1776
1951
2203.2
1755.7
2115.2
1664
2115.3
1837
1769.6
1882.5
2311.7
1776.8
1581.7
1813
2123.6
1732.7
2087.9
1935.4
1733
2058
1944.9
1840.4
2046.6
2257.2
2376.1
1824.3
2019
1954.1
1786.6
1986.8
1816.3
1807.6
1872.8
2157.7
2324.7
2081.9
1892.2
1657.9
2424.9
2116.3
1877.7
2169.5
1899.1
2371.4
2145.1
2171.3
2015.9
2172.4
1999.9
2078.1
2097.1
1858.3
1879.8
2423.1
1940.6
1794.3
2232
2030.3
2489.3
1725.4
1944.5
2149.3
1909.6
2199.8
2157.4
2446.8
1838
2064.6
2211.7
1948.4
2064.7
2508.5
2095.4
1725.5
1945.3
1916.1
2031.2
2295.4
2233.5
2263.1
1957.1
2126.2
1973.5
2045.4
2001.1
2214.7
2248.8
2297.9
1877.5
1761.9
2497.1
2029.2
2184.1
2312.1
2211.2
2017.6
2294.9
1928.5
2556.9
2261.3
1993
2376.4
2110
2145.2
2091.8
2289.2
2100
2278.2
2008.1
2005.6
2092.5
2226
2591.8
2307.8
2049.5
2552.1
1973.6
2074.6
2353.7
2346.4
2653.2
2281.3
2212.1
2354.6
2346.7
2379.6
2161.6
2057.4
2071.6
2391.8
2164.5
2340
2405.3
2257.7
2661.5
2057.5
2171.8
1819.6
2315.2
2035.3
2118.1
2121
2426.4
2306.7
2058.8
2121.6
2205.9
2415.9
2449.4
2229
2205.9
2142.4
2610.2
2493.5
2172
2266.4
2165
2502
2124.5
2437.8
2368.9
2738.1
2164.1
2086.1
2332.6
1873.3
2392.9
2657.3
2555.1
2271.8
2474.3
2514.8
2199.6
2507.8
2308.3
2364.4
2328.7
2804.3
2149.5
2234.3
2430.9
2719.3
2228.2
1936.7
2569.7
2814.2
2173.9
2545.3
2441.6
2455.9
2366.5
2231.5
2299.3
2420.5
2599.4
2572.3
2238.1
2234.5
2789.5
2872.1
2522.9
2284.3
2372.4
2431.3
2514.7
2209.9
2341.8
2612.4
2641.5
2492.6
2002.7
2254
2471.5
2301.4
2680.7
2015.4
2279.3
2536.8
2576
2651.4
2609.6
2536.4
2648.3
2647.9
2828.8
2068.5
2571.4
2321.3
2083.5
2289.3
2600.4
2295.5
2422.2
2693.8
2708.2
2715.4
2355.8
2113.5
2572.1
2152.9
2578.5
2628.1
2850.8
2657.3
2337.9
2485.4
2670.9
2770.4
2221.4
2505.2
2741.7
2634.4
2643.2
2740.5
2912.2
2700.9
2377.8
2972.8
2769.1
2798.9
2809.7
3038.4
2867.2
3103.5
